series_code,name_az,name_en,unit,fr,statutory_sheet_ref,price_basis
agri_export_russia_share,Kənd təsərrüfatı ixracında top-1 ölkənin (Rusiyanın) payı,Kənd təsərrüfatı ixracında top-1 ölkənin (Rusiyanın) payı,%,FR11,Ticarət (əsas iş kitabı),indeks
bop_total_balance,"Tədiyə balansının ümumi balansı (BPM6 eyniliyi, tərifə görə sıfır)","BoP total balance (identity, zero by construction)",mln USD,FR12,"8 vərəq, 2.4.1.13.-14.",cari
brent_breakeven_ca0,Cari hesabın sıfırlandığı Brent qiyməti (break-even),Break-even Brent price for CA = 0,USD/barel,FR12,"8 vərəq, 2.4.1.13.-14.",cari
brent_usd,Neftin dünya bazarında qiyməti (Brent),World oil price (Brent),USD/barel,FR5,"8 vərəq, 2.4.1.5.-7.",cari
budget_balance,Dövlət büdcəsinin kəsiri/profisiti,State budget balance,mln AZN,FR6,"Fiskal sektor, sətir 21; FAKTİKİ sıra — proqnoz yolu yoxdur, fiskal parametr kimi nəşr olunur",cari
budget_debt_service,Borca xidmət xərcləri,Debt service expenditure,mln AZN,FR6,"Fiskal sektor, sətir 20; FAKTİKİ sıra — proqnoz yolu yoxdur, fiskal parametr kimi nəşr olunur",cari
budget_exp_capital,Dövlət büdcəsinin əsaslı xərcləri,State budget capital expenditure,mln AZN,FR6,"Fiskal sektor, sətir 18; DƏVQ bu maddənin içindədir (`state_capex`); FAKTİKİ sıra — proqnoz yolu yoxdur, fiskal parametr kimi nəşr olunur",cari
budget_exp_current,Dövlət büdcəsinin cari xərcləri,State budget current expenditure,mln AZN,FR6,"Fiskal sektor, sətir 17; FAKTİKİ sıra — proqnoz yolu yoxdur, fiskal parametr kimi nəşr olunur",cari
budget_expenditure,Dövlət büdcəsinin xərcləri,State budget expenditure,mln AZN,FR6,"Fiskal sektor, sətir 16; FAKTİKİ sıra — proqnoz yolu yoxdur, fiskal parametr kimi nəşr olunur",cari
budget_revenue_nonoil,Dövlət büdcəsinin qeyri-neft-qaz gəlirləri,State budget non-oil revenue,mln AZN,FR6,"Fiskal sektor, sətir 8; FAKTİKİ sıra — proqnoz yolu yoxdur, fiskal parametr kimi nəşr olunur",cari
budget_revenue_oil,Dövlət büdcəsinin neft-qaz gəlirləri,State budget oil-gas revenue,mln AZN,FR6,"Fiskal sektor, sətir 5; FAKTİKİ sıra — proqnoz yolu yoxdur, fiskal parametr kimi nəşr olunur",cari
budget_revenue_total,Dövlət büdcəsinin gəlirləri,State budget revenue,mln AZN,FR6,"Fiskal sektor, sətir 3; FAKTİKİ sıra — proqnoz yolu yoxdur, fiskal parametr kimi nəşr olunur",cari
ca_gdp_ratio,Cari hesabın ÜDM-də payı,"Current account, % of GDP",%,FR12,"8 vərəq, 2.4.1.13.-14.",indeks
capital_account,Kapital hesabı,Capital account,mln USD,FR12,"8 vərəq, 2.4.1.13.-14.",cari
capital_finance_account,Kapital və maliyyənin hərəkəti hesabı,Capital and financial account,mln USD,FR12,"8 vərəq, 2.4.1.13.-14.",cari
cpi_index,İstehlak qiymətlərinin bazis indeksi,"CPI, base index",indeks,FR9,model_series_annual.csv,indeks
cpi_infl,"İnflyasiya (İQİ, orta illik)","CPI inflation, annual average",%,FR9,"8 vərəq, 2.4.1.5.-7. DİNAMİKLİK 0.054: qiymət blokunun sırası — yol İQİ hədəf yoluna və/və ya Brent-in şərti orta yoluna bağlıdır; sabit qiymət prosesi üzərində şərti ortanın az dəyişkən olması qüsur deyil, məhz DÜZGÜN davranışdır; mərkəzi yol üç komponentli ansambldır: AR(1) öz uzunmüddətli tarazlığına (6,6 %) yaxınlaşır, Mərkəzi Bankın lövbəri sabit 4 %-dir, gecikmiş Filips isə yavaş qalxır — üç yolun çəkili cəmi 5,3-5,9 % aralığında demək olar düz gedir, ona görə proqnozun dəyişkənliyi faktiki sıranın (2015-16 devalvasiyası və 2022 şoku daxil) dəyişkənliyindən qat-qat kiçikdir",indeks
current_account,Cari əməliyyatlar hesabı,Current account balance,mln USD,FR12,"8 vərəq, 2.4.1.13.-14. DİNAMİKLİK 0.159: ekzogen yolla şərtlənən sıra — dəyişkənlik `assumptions.csv`-də nəşr olunan xarici girişdən (hasilat/büdcə planı, layihə bazası və ya sürücü açarı) gəlir, modelin özündən deyil; şərti orta proqnoz onu şərtləndirən yoldan daha dəyişkən ola bilməz; cari hesab beş komponentin cəmidir; komponentlərin yolları hamar olduğu üçün cəmin dəyişkənliyi də məhduddur — neft qiyməti yelpiyi ayrıca ssenari kimi verilir (Bölmə 7.1)",cari
current_account_brent_hi80,Cari hesab — Brent yuxarı ssenarisi (hi80),"Current account, high Brent scenario (hi80)",mln USD,FR12,"8 vərəq, 2.4.1.13.-14.",cari
current_account_brent_lo80,Cari hesab — Brent aşağı ssenarisi (lo80),"Current account, low Brent scenario (lo80)",mln USD,FR12,"8 vərəq, 2.4.1.13.-14.",cari
d_act_agri,"Kənd, meşə və balıqçılıq təsərrüfatı — deflyator",agri branch — deflyator,%,FR3,"8 vərəq, 2.4.1.3.",indeks
d_act_constr,Tikinti — deflyator,constr branch — deflyator,%,FR3,"8 vərəq, 2.4.1.3.",indeks
d_act_industry,Sənaye (cəmi) — deflyator,industry branch — deflyator,%,FR3,"8 vərəq, 2.4.1.3.",indeks
d_act_industry_nonoil,"Sənaye — qeyri-neft (emal, enerji, su təchizatı) — deflyator",industry_nonoil branch — deflyator,%,FR3,"8 vərəq, 2.4.1.3.",indeks
d_act_industry_oil,Sənaye — neft-qaz (mədənçıxarma) — deflyator,industry_oil branch — deflyator,%,FR3,"8 vərəq, 2.4.1.3.",indeks
d_act_nettax,Məhsula və idxala xalis vergilər — deflyator,nettax branch — deflyator,%,FR3,"8 vərəq, 2.4.1.3.",indeks
d_act_services,Xidmətlər (cəmi) — deflyator,services branch — deflyator,%,FR3,"8 vərəq, 2.4.1.3.",indeks
d_act_total,ÜDM (5 budağın cəmi) — deflyator,total branch — deflyator,%,FR3,"8 vərəq, 2.4.1.3.",indeks
d_agri,"Kənd, meşə və balıqçılıq təsərrüfatı — deflyator",agri sector — value added deflator,%,FR2,"8 vərəq, 2.4.1.2. DİNAMİKLİK 0.031: qiymət blokunun sırası — yol İQİ hədəf yoluna və/və ya Brent-in şərti orta yoluna bağlıdır; sabit qiymət prosesi üzərində şərti ortanın az dəyişkən olması qüsur deyil, məhz DÜZGÜN davranışdır; mərkəzi yolu daşıyan ansambl: AR1 0.11, ORTA5 0.08, YENI 0.51, KOHNE 0.30; dinamika forması: STATIK; sahə qiymət yolu 6.40-6.59 % (0.18 f.b. dəyişmə); İQİ yolu hədəfə yığılan hamar sıradır, ona görə deflyator yolu da hamardır",indeks
d_constr,Tikinti — deflyator,constr sector — value added deflator,%,FR2,"8 vərəq, 2.4.1.2. DİNAMİKLİK 0.014: qiymət blokunun sırası — yol İQİ hədəf yoluna və/və ya Brent-in şərti orta yoluna bağlıdır; sabit qiymət prosesi üzərində şərti ortanın az dəyişkən olması qüsur deyil, məhz DÜZGÜN davranışdır; mərkəzi yolu daşıyan ansambl: AR1 0.21, ORTA5 0.19, YENI 0.38, KOHNE 0.22; dinamika forması: STATIK; sahə qiymət yolu 2.15-2.26 % (0.12 f.b. dəyişmə); İQİ yolu hədəfə yığılan hamar sıradır, ona görə deflyator yolu da hamardır",indeks
d_ict,İnformasiya və rabitə — deflyator,ict sector — value added deflator,%,FR2,"8 vərəq, 2.4.1.2. DİNAMİKLİK 0.002: qiymət blokunun sırası — yol İQİ hədəf yoluna və/və ya Brent-in şərti orta yoluna bağlıdır; sabit qiymət prosesi üzərində şərti ortanın az dəyişkən olması qüsur deyil, məhz DÜZGÜN davranışdır; mərkəzi yolu daşıyan ansambl: AR1 0.29, ORTA5 0.18, YENI 0.53; dinamika forması: STATIK; sahə qiymət yolu 0.64-0.64 % (0.00 f.b. dəyişmə); İQİ yolu hədəfə yığılan hamar sıradır, ona görə deflyator yolu da hamardır",indeks
d_manuf,Emal sənayesi — deflyator,manuf sector — value added deflator,%,FR2,"8 vərəq, 2.4.1.2. DİNAMİKLİK 0.005: qiymət blokunun sırası — yol İQİ hədəf yoluna və/və ya Brent-in şərti orta yoluna bağlıdır; sabit qiymət prosesi üzərində şərti ortanın az dəyişkən olması qüsur deyil, məhz DÜZGÜN davranışdır; mərkəzi yolu daşıyan ansambl: AR1 0.30, ORTA5 0.34, YENI 0.35; dinamika forması: STATIK; sahə qiymət yolu 3.71-3.87 % (0.16 f.b. dəyişmə); İQİ yolu hədəfə yığılan hamar sıradır, ona görə deflyator yolu da hamardır",indeks
d_mining,Mədənçıxarma sənayesi — deflyator,mining sector — value added deflator,%,FR2,"8 vərəq, 2.4.1.2. DİNAMİKLİK 0.012: qiymət blokunun sırası — yol İQİ hədəf yoluna və/və ya Brent-in şərti orta yoluna bağlıdır; sabit qiymət prosesi üzərində şərti ortanın az dəyişkən olması qüsur deyil, məhz DÜZGÜN davranışdır; mədənçıxarma sahə tənliyi ilə deyil, neft-qaz blokunun həcm və qiymət yolu ilə idarə olunur — dəyişkənliyi blokun öz yolundan gəlir; mərkəzi yolu daşıyan ansambl: AR1 0.06, ORTA5 0.06, YENI 0.66, KOHNE 0.22; dinamika forması: GECIKME; sahə qiymət yolu -2.14--0.41 % (1.72 f.b. dəyişmə); İQİ yolu hədəfə yığılan hamar sıradır, ona görə deflyator yolu da hamardır",indeks
d_power,"Elektrik enerjisi, qaz və buxar istehsalı və təchizatı — deflyator",power sector — value added deflator,%,FR2,"8 vərəq, 2.4.1.2. DİNAMİKLİK 0.000: ETALON ilə daşınan yol — struktur namizədlər nümunədən kənar sınaqda təsadüfi gəzişməni üstələmədi, ona görə D4 qaydasına əsasən mərkəzi yolu etalon daşıyır və yol konstruksiya etibarilə hamardır; mərkəzi yolu daşıyan ansambl: RW 1.00; dinamika forması: STATIK; struktur deflyator tənliyi (İQİ nüvəsi) nümunədən kənar sınaqda təsadüfi gəzişməni üstələmədi və ansamblda saxlanılmadı, ona görə mərkəzi yol son faktiki ilin dəyərini daşıyır; uduzan yarış nəşr olunub: namizəd sürücülərin qapı nəticəsi `assumptions.csv`-də (həmin açarın qeydi), model yarışı isə `validation_backtest.csv`-də `d_power` sətirlərindədir",indeks
d_social,Sosial və digər sahələrdə yaradılmış əlavə dəyər — deflyator,social sector — value added deflator,%,FR2,"8 vərəq, 2.4.1.2. DİNAMİKLİK 0.066: qiymət blokunun sırası — yol İQİ hədəf yoluna və/və ya Brent-in şərti orta yoluna bağlıdır; sabit qiymət prosesi üzərində şərti ortanın az dəyişkən olması qüsur deyil, məhz DÜZGÜN davranışdır; mərkəzi yolu daşıyan ansambl: AR1 0.18, ORTA5 0.23, YENI 0.34, KOHNE 0.25; dinamika forması: STATIK; sahə qiymət termi qapıdan keçmədi (mərkəzi yola daxil deyil), tənliyin sağ tərəfində yalnız İQİ qalır; İQİ yolu hədəfə yığılan hamar sıradır, ona görə deflyator yolu da hamardır",indeks
d_tourism,Turistlərin yerləşdirilməsi və ictimai iaşə — deflyator,tourism sector — value added deflator,%,FR2,"8 vərəq, 2.4.1.2. DİNAMİKLİK 0.046: qiymət blokunun sırası — yol İQİ hədəf yoluna və/və ya Brent-in şərti orta yoluna bağlıdır; sabit qiymət prosesi üzərində şərti ortanın az dəyişkən olması qüsur deyil, məhz DÜZGÜN davranışdır; mərkəzi yolu daşıyan ansambl: ORTA5 0.17, YENI 0.45, KOHNE 0.38; dinamika forması: STATIK; sahə qiymət yolu 6.03-6.66 % (0.63 f.b. dəyişmə); İQİ yolu hədəfə yığılan hamar sıradır, ona görə deflyator yolu da hamardır",indeks
d_trade,"Ticarət, nəqliyyat vasitələrinin təmiri — deflyator",trade sector — value added deflator,%,FR2,"8 vərəq, 2.4.1.2. DİNAMİKLİK 0.053: qiymət blokunun sırası — yol İQİ hədəf yoluna və/və ya Brent-in şərti orta yoluna bağlıdır; sabit qiymət prosesi üzərində şərti ortanın az dəyişkən olması qüsur deyil, məhz DÜZGÜN davranışdır; mərkəzi yolu daşıyan ansambl: AR1 0.07, ORTA5 0.11, YENI 0.55, KOHNE 0.26; dinamika forması: STATIK; sahə qiymət yolu 5.72-6.34 % (0.62 f.b. dəyişmə); İQİ yolu hədəfə yığılan hamar sıradır, ona görə deflyator yolu da hamardır",indeks
d_transport,Nəqliyyat və anbar təsərrüfatı — deflyator,transport sector — value added deflator,%,FR2,"8 vərəq, 2.4.1.2. DİNAMİKLİK 0.004: qiymət blokunun sırası — yol İQİ hədəf yoluna və/və ya Brent-in şərti orta yoluna bağlıdır; sabit qiymət prosesi üzərində şərti ortanın az dəyişkən olması qüsur deyil, məhz DÜZGÜN davranışdır; mərkəzi yolu daşıyan ansambl: ORTA5 0.61, YENI 0.39; dinamika forması: GECIKME; sahə qiymət yolu 3.34-3.45 % (0.11 f.b. dəyişmə); İQİ yolu hədəfə yığılan hamar sıradır, ona görə deflyator yolu da hamardır",indeks
d_water,"Su təchizatı, tullantıların təmizlənməsi və emalı — deflyator",water sector — value added deflator,%,FR2,"8 vərəq, 2.4.1.2. DİNAMİKLİK 0.011: qiymət blokunun sırası — yol İQİ hədəf yoluna və/və ya Brent-in şərti orta yoluna bağlıdır; sabit qiymət prosesi üzərində şərti ortanın az dəyişkən olması qüsur deyil, məhz DÜZGÜN davranışdır; mərkəzi yolu daşıyan ansambl: AR1 0.36, ORTA5 0.40, YENI 0.25; dinamika forması: STATIK; sahə qiymət termi qapıdan keçmədi (mərkəzi yola daxil deyil), tənliyin sağ tərəfində yalnız İQİ qalır; İQİ yolu hədəfə yığılan hamar sıradır, ona görə deflyator yolu da hamardır",indeks
disposable_income,Sərəncamında qalan gəlirlər,Disposable income,mln AZN,FR8,Sosial sektor,cari
emp_manuf,Emal sənayesi — muzdlu işçilərin orta siyahı sayı,Manufacturing — average number of employees,nəfər,FR8,Emal Sənayesi,natural
emp_mining,Mədənçıxarma sənayesi — muzdlu işçilərin orta siyahı sayı,Mining and quarrying — average number of employees,nəfər,FR8,Mədənçıxarma,natural
emp_power,"Elektrik enerjisi, qaz və buxar istehsalı — muzdlu işçilərin orta siyahı sayı","Electricity, gas and steam — average number of employees",nəfər,FR8,Elektrik enerjisi,natural
emp_ssc_admin,"İnzibati və yardımçı xidmətlərin göstərilməsi — muzdlu işçilərin sayı, cəmi (DSK)","Administrative and support service activities — number of employees, total (SSC)",min nəfər,FR8,"DSK cədvəl 2.12 (`002_12-13en.xls`, `Dynamics_2.12`), 2005–2024; 2025 sütunu DVX/iş kitabı qarşılığı ilə tamamlanıb (FR08 §2.5) — həmin il üçün fəaliyyət növləri arasında tərkib effekti sıfırdır",natural
emp_ssc_admin_nonstate,"İnzibati və yardımçı xidmətlərin göstərilməsi — muzdlu işçilərin sayı, qeyri-dövlət (DSK)","Administrative and support service activities — number of employees, non-state (SSC)",min nəfər,FR8,"DSK cədvəl 2.12 (`002_12-13en.xls`, `Dynamics_2.12`), 2005–2024; 2025 sütunu DVX/iş kitabı qarşılığı ilə tamamlanıb (FR08 §2.5) — həmin il üçün fəaliyyət növləri arasında tərkib effekti sıfırdır",natural
emp_ssc_admin_state,"İnzibati və yardımçı xidmətlərin göstərilməsi — muzdlu işçilərin sayı, dövlət (DSK)","Administrative and support service activities — number of employees, state (SSC)",min nəfər,FR8,"DSK cədvəl 2.12 (`002_12-13en.xls`, `Dynamics_2.12`), 2005–2024; 2025 sütunu DVX/iş kitabı qarşılığı ilə tamamlanıb (FR08 §2.5) — həmin il üçün fəaliyyət növləri arasında tərkib effekti sıfırdır",natural
emp_ssc_agri,"Kənd, meşə və balıqçılıq təsərrüfatı — muzdlu işçilərin sayı, cəmi (DSK)","Agriculture, forestry and fishing — number of employees, total (SSC)",min nəfər,FR8,"DSK cədvəl 2.12 (`002_12-13en.xls`, `Dynamics_2.12`), 2005–2024; 2025 sütunu DVX/iş kitabı qarşılığı ilə tamamlanıb (FR08 §2.5) — həmin il üçün fəaliyyət növləri arasında tərkib effekti sıfırdır",natural
emp_ssc_agri_nonstate,"Kənd, meşə və balıqçılıq təsərrüfatı — muzdlu işçilərin sayı, qeyri-dövlət (DSK)","Agriculture, forestry and fishing — number of employees, non-state (SSC)",min nəfər,FR8,"DSK cədvəl 2.12 (`002_12-13en.xls`, `Dynamics_2.12`), 2005–2024; 2025 sütunu DVX/iş kitabı qarşılığı ilə tamamlanıb (FR08 §2.5) — həmin il üçün fəaliyyət növləri arasında tərkib effekti sıfırdır",natural
emp_ssc_agri_state,"Kənd, meşə və balıqçılıq təsərrüfatı — muzdlu işçilərin sayı, dövlət (DSK)","Agriculture, forestry and fishing — number of employees, state (SSC)",min nəfər,FR8,"DSK cədvəl 2.12 (`002_12-13en.xls`, `Dynamics_2.12`), 2005–2024; 2025 sütunu DVX/iş kitabı qarşılığı ilə tamamlanıb (FR08 §2.5) — həmin il üçün fəaliyyət növləri arasında tərkib effekti sıfırdır",natural
emp_ssc_art,"İstirahət, əyləncə və incəsənət sahəsində fəaliyyət — muzdlu işçilərin sayı, cəmi (DSK)","Art, entertainment and recreation — number of employees, total (SSC)",min nəfər,FR8,"DSK cədvəl 2.12 (`002_12-13en.xls`, `Dynamics_2.12`), 2005–2024; 2025 sütunu DVX/iş kitabı qarşılığı ilə tamamlanıb (FR08 §2.5) — həmin il üçün fəaliyyət növləri arasında tərkib effekti sıfırdır",natural
emp_ssc_art_nonstate,"İstirahət, əyləncə və incəsənət sahəsində fəaliyyət — muzdlu işçilərin sayı, qeyri-dövlət (DSK)","Art, entertainment and recreation — number of employees, non-state (SSC)",min nəfər,FR8,"DSK cədvəl 2.12 (`002_12-13en.xls`, `Dynamics_2.12`), 2005–2024; 2025 sütunu DVX/iş kitabı qarşılığı ilə tamamlanıb (FR08 §2.5) — həmin il üçün fəaliyyət növləri arasında tərkib effekti sıfırdır",natural
emp_ssc_art_state,"İstirahət, əyləncə və incəsənət sahəsində fəaliyyət — muzdlu işçilərin sayı, dövlət (DSK)","Art, entertainment and recreation — number of employees, state (SSC)",min nəfər,FR8,"DSK cədvəl 2.12 (`002_12-13en.xls`, `Dynamics_2.12`), 2005–2024; 2025 sütunu DVX/iş kitabı qarşılığı ilə tamamlanıb (FR08 §2.5) — həmin il üçün fəaliyyət növləri arasında tərkib effekti sıfırdır",natural
emp_ssc_constr,"Tikinti — muzdlu işçilərin sayı, cəmi (DSK)","Construction — number of employees, total (SSC)",min nəfər,FR8,"DSK cədvəl 2.12 (`002_12-13en.xls`, `Dynamics_2.12`), 2005–2024; 2025 sütunu DVX/iş kitabı qarşılığı ilə tamamlanıb (FR08 §2.5) — həmin il üçün fəaliyyət növləri arasında tərkib effekti sıfırdır",natural
emp_ssc_constr_nonstate,"Tikinti — muzdlu işçilərin sayı, qeyri-dövlət (DSK)","Construction — number of employees, non-state (SSC)",min nəfər,FR8,"DSK cədvəl 2.12 (`002_12-13en.xls`, `Dynamics_2.12`), 2005–2024; 2025 sütunu DVX/iş kitabı qarşılığı ilə tamamlanıb (FR08 §2.5) — həmin il üçün fəaliyyət növləri arasında tərkib effekti sıfırdır",natural
emp_ssc_constr_state,"Tikinti — muzdlu işçilərin sayı, dövlət (DSK)","Construction — number of employees, state (SSC)",min nəfər,FR8,"DSK cədvəl 2.12 (`002_12-13en.xls`, `Dynamics_2.12`), 2005–2024; 2025 sütunu DVX/iş kitabı qarşılığı ilə tamamlanıb (FR08 §2.5) — həmin il üçün fəaliyyət növləri arasında tərkib effekti sıfırdır",natural
emp_ssc_educ,"Təhsil — muzdlu işçilərin sayı, cəmi (DSK)","Education — number of employees, total (SSC)",min nəfər,FR8,"DSK cədvəl 2.12 (`002_12-13en.xls`, `Dynamics_2.12`), 2005–2024; 2025 sütunu DVX/iş kitabı qarşılığı ilə tamamlanıb (FR08 §2.5) — həmin il üçün fəaliyyət növləri arasında tərkib effekti sıfırdır",natural
emp_ssc_educ_nonstate,"Təhsil — muzdlu işçilərin sayı, qeyri-dövlət (DSK)","Education — number of employees, non-state (SSC)",min nəfər,FR8,"DSK cədvəl 2.12 (`002_12-13en.xls`, `Dynamics_2.12`), 2005–2024; 2025 sütunu DVX/iş kitabı qarşılığı ilə tamamlanıb (FR08 §2.5) — həmin il üçün fəaliyyət növləri arasında tərkib effekti sıfırdır",natural
emp_ssc_educ_state,"Təhsil — muzdlu işçilərin sayı, dövlət (DSK)","Education — number of employees, state (SSC)",min nəfər,FR8,"DSK cədvəl 2.12 (`002_12-13en.xls`, `Dynamics_2.12`), 2005–2024; 2025 sütunu DVX/iş kitabı qarşılığı ilə tamamlanıb (FR08 §2.5) — həmin il üçün fəaliyyət növləri arasında tərkib effekti sıfırdır",natural
emp_ssc_finance,"Maliyyə və sığorta fəaliyyəti — muzdlu işçilərin sayı, cəmi (DSK)","Financial and insurance activities — number of employees, total (SSC)",min nəfər,FR8,"DSK cədvəl 2.12 (`002_12-13en.xls`, `Dynamics_2.12`), 2005–2024; 2025 sütunu DVX/iş kitabı qarşılığı ilə tamamlanıb (FR08 §2.5) — həmin il üçün fəaliyyət növləri arasında tərkib effekti sıfırdır",natural
emp_ssc_finance_nonstate,"Maliyyə və sığorta fəaliyyəti — muzdlu işçilərin sayı, qeyri-dövlət (DSK)","Financial and insurance activities — number of employees, non-state (SSC)",min nəfər,FR8,"DSK cədvəl 2.12 (`002_12-13en.xls`, `Dynamics_2.12`), 2005–2024; 2025 sütunu DVX/iş kitabı qarşılığı ilə tamamlanıb (FR08 §2.5) — həmin il üçün fəaliyyət növləri arasında tərkib effekti sıfırdır",natural
emp_ssc_finance_state,"Maliyyə və sığorta fəaliyyəti — muzdlu işçilərin sayı, dövlət (DSK)","Financial and insurance activities — number of employees, state (SSC)",min nəfər,FR8,"DSK cədvəl 2.12 (`002_12-13en.xls`, `Dynamics_2.12`), 2005–2024; 2025 sütunu DVX/iş kitabı qarşılığı ilə tamamlanıb (FR08 §2.5) — həmin il üçün fəaliyyət növləri arasında tərkib effekti sıfırdır",natural
emp_ssc_health,"Əhaliyə səhiyyə və sosial xidmətlərin göstərilməsi — muzdlu işçilərin sayı, cəmi (DSK)","Human health and social work activities — number of employees, total (SSC)",min nəfər,FR8,"DSK cədvəl 2.12 (`002_12-13en.xls`, `Dynamics_2.12`), 2005–2024; 2025 sütunu DVX/iş kitabı qarşılığı ilə tamamlanıb (FR08 §2.5) — həmin il üçün fəaliyyət növləri arasında tərkib effekti sıfırdır",natural
emp_ssc_health_nonstate,"Əhaliyə səhiyyə və sosial xidmətlərin göstərilməsi — muzdlu işçilərin sayı, qeyri-dövlət (DSK)","Human health and social work activities — number of employees, non-state (SSC)",min nəfər,FR8,"DSK cədvəl 2.12 (`002_12-13en.xls`, `Dynamics_2.12`), 2005–2024; 2025 sütunu DVX/iş kitabı qarşılığı ilə tamamlanıb (FR08 §2.5) — həmin il üçün fəaliyyət növləri arasında tərkib effekti sıfırdır",natural
emp_ssc_health_state,"Əhaliyə səhiyyə və sosial xidmətlərin göstərilməsi — muzdlu işçilərin sayı, dövlət (DSK)","Human health and social work activities — number of employees, state (SSC)",min nəfər,FR8,"DSK cədvəl 2.12 (`002_12-13en.xls`, `Dynamics_2.12`), 2005–2024; 2025 sütunu DVX/iş kitabı qarşılığı ilə tamamlanıb (FR08 §2.5) — həmin il üçün fəaliyyət növləri arasında tərkib effekti sıfırdır",natural
emp_ssc_ict,"İnformasiya və rabitə — muzdlu işçilərin sayı, cəmi (DSK)","Information and communication — number of employees, total (SSC)",min nəfər,FR8,"DSK cədvəl 2.12 (`002_12-13en.xls`, `Dynamics_2.12`), 2005–2024; 2025 sütunu DVX/iş kitabı qarşılığı ilə tamamlanıb (FR08 §2.5) — həmin il üçün fəaliyyət növləri arasında tərkib effekti sıfırdır",natural
emp_ssc_ict_nonstate,"İnformasiya və rabitə — muzdlu işçilərin sayı, qeyri-dövlət (DSK)","Information and communication — number of employees, non-state (SSC)",min nəfər,FR8,"DSK cədvəl 2.12 (`002_12-13en.xls`, `Dynamics_2.12`), 2005–2024; 2025 sütunu DVX/iş kitabı qarşılığı ilə tamamlanıb (FR08 §2.5) — həmin il üçün fəaliyyət növləri arasında tərkib effekti sıfırdır",natural
emp_ssc_ict_state,"İnformasiya və rabitə — muzdlu işçilərin sayı, dövlət (DSK)","Information and communication — number of employees, state (SSC)",min nəfər,FR8,"DSK cədvəl 2.12 (`002_12-13en.xls`, `Dynamics_2.12`), 2005–2024; 2025 sütunu DVX/iş kitabı qarşılığı ilə tamamlanıb (FR08 §2.5) — həmin il üçün fəaliyyət növləri arasında tərkib effekti sıfırdır",natural
emp_ssc_manuf,"Emal sənayesi — muzdlu işçilərin sayı, cəmi (DSK)","Manufacturing — number of employees, total (SSC)",min nəfər,FR8,"DSK cədvəl 2.12 (`002_12-13en.xls`, `Dynamics_2.12`), 2005–2024; 2025 sütunu DVX/iş kitabı qarşılığı ilə tamamlanıb (FR08 §2.5) — həmin il üçün fəaliyyət növləri arasında tərkib effekti sıfırdır",natural
emp_ssc_manuf_nonstate,"Emal sənayesi — muzdlu işçilərin sayı, qeyri-dövlət (DSK)","Manufacturing — number of employees, non-state (SSC)",min nəfər,FR8,"DSK cədvəl 2.12 (`002_12-13en.xls`, `Dynamics_2.12`), 2005–2024; 2025 sütunu DVX/iş kitabı qarşılığı ilə tamamlanıb (FR08 §2.5) — həmin il üçün fəaliyyət növləri arasında tərkib effekti sıfırdır",natural
emp_ssc_manuf_state,"Emal sənayesi — muzdlu işçilərin sayı, dövlət (DSK)","Manufacturing — number of employees, state (SSC)",min nəfər,FR8,"DSK cədvəl 2.12 (`002_12-13en.xls`, `Dynamics_2.12`), 2005–2024; 2025 sütunu DVX/iş kitabı qarşılığı ilə tamamlanıb (FR08 §2.5) — həmin il üçün fəaliyyət növləri arasında tərkib effekti sıfırdır",natural
emp_ssc_mining,"Mədənçıxarma sənayesi — muzdlu işçilərin sayı, cəmi (DSK)","Mining — number of employees, total (SSC)",min nəfər,FR8,"DSK cədvəl 2.12 (`002_12-13en.xls`, `Dynamics_2.12`), 2005–2024; 2025 sütunu DVX/iş kitabı qarşılığı ilə tamamlanıb (FR08 §2.5) — həmin il üçün fəaliyyət növləri arasında tərkib effekti sıfırdır",natural
emp_ssc_mining_nonstate,"Mədənçıxarma sənayesi — muzdlu işçilərin sayı, qeyri-dövlət (DSK)","Mining — number of employees, non-state (SSC)",min nəfər,FR8,"DSK cədvəl 2.12 (`002_12-13en.xls`, `Dynamics_2.12`), 2005–2024; 2025 sütunu DVX/iş kitabı qarşılığı ilə tamamlanıb (FR08 §2.5) — həmin il üçün fəaliyyət növləri arasında tərkib effekti sıfırdır",natural
emp_ssc_mining_state,"Mədənçıxarma sənayesi — muzdlu işçilərin sayı, dövlət (DSK)","Mining — number of employees, state (SSC)",min nəfər,FR8,"DSK cədvəl 2.12 (`002_12-13en.xls`, `Dynamics_2.12`), 2005–2024; 2025 sütunu DVX/iş kitabı qarşılığı ilə tamamlanıb (FR08 §2.5) — həmin il üçün fəaliyyət növləri arasında tərkib effekti sıfırdır",natural
emp_ssc_other,"Digər sahələrdə xidmətlərin göstərilməsi — muzdlu işçilərin sayı, cəmi (DSK)","Other service activities — number of employees, total (SSC)",min nəfər,FR8,"DSK cədvəl 2.12 (`002_12-13en.xls`, `Dynamics_2.12`), 2005–2024; 2025 sütunu DVX/iş kitabı qarşılığı ilə tamamlanıb (FR08 §2.5) — həmin il üçün fəaliyyət növləri arasında tərkib effekti sıfırdır",natural
emp_ssc_other_nonstate,"Digər sahələrdə xidmətlərin göstərilməsi — muzdlu işçilərin sayı, qeyri-dövlət (DSK)","Other service activities — number of employees, non-state (SSC)",min nəfər,FR8,"DSK cədvəl 2.12 (`002_12-13en.xls`, `Dynamics_2.12`), 2005–2024; 2025 sütunu DVX/iş kitabı qarşılığı ilə tamamlanıb (FR08 §2.5) — həmin il üçün fəaliyyət növləri arasında tərkib effekti sıfırdır",natural
emp_ssc_other_state,"Digər sahələrdə xidmətlərin göstərilməsi — muzdlu işçilərin sayı, dövlət (DSK)","Other service activities — number of employees, state (SSC)",min nəfər,FR8,"DSK cədvəl 2.12 (`002_12-13en.xls`, `Dynamics_2.12`), 2005–2024; 2025 sütunu DVX/iş kitabı qarşılığı ilə tamamlanıb (FR08 §2.5) — həmin il üçün fəaliyyət növləri arasında tərkib effekti sıfırdır",natural
emp_ssc_power,"Elektrik enerjisi, qaz və buxar istehsalı, bölüşdürülməsi və təchizatı — muzdlu işçilərin sayı, cəmi (DSK)","Electricity, gas and steam production, distribution and supply — number of employees, total (SSC)",min nəfər,FR8,"DSK cədvəl 2.12 (`002_12-13en.xls`, `Dynamics_2.12`), 2005–2024; 2025 sütunu DVX/iş kitabı qarşılığı ilə tamamlanıb (FR08 §2.5) — həmin il üçün fəaliyyət növləri arasında tərkib effekti sıfırdır",natural
emp_ssc_power_nonstate,"Elektrik enerjisi, qaz və buxar istehsalı, bölüşdürülməsi və təchizatı — muzdlu işçilərin sayı, qeyri-dövlət (DSK)","Electricity, gas and steam production, distribution and supply — number of employees, non-state (SSC)",min nəfər,FR8,"DSK cədvəl 2.12 (`002_12-13en.xls`, `Dynamics_2.12`), 2005–2024; 2025 sütunu DVX/iş kitabı qarşılığı ilə tamamlanıb (FR08 §2.5) — həmin il üçün fəaliyyət növləri arasında tərkib effekti sıfırdır",natural
emp_ssc_power_state,"Elektrik enerjisi, qaz və buxar istehsalı, bölüşdürülməsi və təchizatı — muzdlu işçilərin sayı, dövlət (DSK)","Electricity, gas and steam production, distribution and supply — number of employees, state (SSC)",min nəfər,FR8,"DSK cədvəl 2.12 (`002_12-13en.xls`, `Dynamics_2.12`), 2005–2024; 2025 sütunu DVX/iş kitabı qarşılığı ilə tamamlanıb (FR08 §2.5) — həmin il üçün fəaliyyət növləri arasında tərkib effekti sıfırdır",natural
emp_ssc_prof,"Peşə, elmi və texniki fəaliyyət — muzdlu işçilərin sayı, cəmi (DSK)","Professional, scientific and technical activities — number of employees, total (SSC)",min nəfər,FR8,"DSK cədvəl 2.12 (`002_12-13en.xls`, `Dynamics_2.12`), 2005–2024; 2025 sütunu DVX/iş kitabı qarşılığı ilə tamamlanıb (FR08 §2.5) — həmin il üçün fəaliyyət növləri arasında tərkib effekti sıfırdır",natural
emp_ssc_prof_nonstate,"Peşə, elmi və texniki fəaliyyət — muzdlu işçilərin sayı, qeyri-dövlət (DSK)","Professional, scientific and technical activities — number of employees, non-state (SSC)",min nəfər,FR8,"DSK cədvəl 2.12 (`002_12-13en.xls`, `Dynamics_2.12`), 2005–2024; 2025 sütunu DVX/iş kitabı qarşılığı ilə tamamlanıb (FR08 §2.5) — həmin il üçün fəaliyyət növləri arasında tərkib effekti sıfırdır",natural
emp_ssc_prof_state,"Peşə, elmi və texniki fəaliyyət — muzdlu işçilərin sayı, dövlət (DSK)","Professional, scientific and technical activities — number of employees, state (SSC)",min nəfər,FR8,"DSK cədvəl 2.12 (`002_12-13en.xls`, `Dynamics_2.12`), 2005–2024; 2025 sütunu DVX/iş kitabı qarşılığı ilə tamamlanıb (FR08 §2.5) — həmin il üçün fəaliyyət növləri arasında tərkib effekti sıfırdır",natural
emp_ssc_pubadm,"Dövlət idarəetmə və müdafiə; sosial təminat — muzdlu işçilərin sayı, cəmi (DSK)","Public administration and defence; social security — number of employees, total (SSC)",min nəfər,FR8,"DSK cədvəl 2.12 (`002_12-13en.xls`, `Dynamics_2.12`), 2005–2024; 2025 sütunu DVX/iş kitabı qarşılığı ilə tamamlanıb (FR08 §2.5) — həmin il üçün fəaliyyət növləri arasında tərkib effekti sıfırdır",natural
emp_ssc_pubadm_nonstate,"Dövlət idarəetmə və müdafiə; sosial təminat — muzdlu işçilərin sayı, qeyri-dövlət (DSK)","Public administration and defence; social security — number of employees, non-state (SSC)",min nəfər,FR8,"DSK cədvəl 2.12 (`002_12-13en.xls`, `Dynamics_2.12`), 2005–2024; 2025 sütunu DVX/iş kitabı qarşılığı ilə tamamlanıb (FR08 §2.5) — həmin il üçün fəaliyyət növləri arasında tərkib effekti sıfırdır",natural
emp_ssc_pubadm_state,"Dövlət idarəetmə və müdafiə; sosial təminat — muzdlu işçilərin sayı, dövlət (DSK)","Public administration and defence; social security — number of employees, state (SSC)",min nəfər,FR8,"DSK cədvəl 2.12 (`002_12-13en.xls`, `Dynamics_2.12`), 2005–2024; 2025 sütunu DVX/iş kitabı qarşılığı ilə tamamlanıb (FR08 §2.5) — həmin il üçün fəaliyyət növləri arasında tərkib effekti sıfırdır",natural
emp_ssc_realest,"Daşınmaz əmlakla əlaqədar əməliyyatlar — muzdlu işçilərin sayı, cəmi (DSK)","Real estate activities — number of employees, total (SSC)",min nəfər,FR8,"DSK cədvəl 2.12 (`002_12-13en.xls`, `Dynamics_2.12`), 2005–2024; 2025 sütunu DVX/iş kitabı qarşılığı ilə tamamlanıb (FR08 §2.5) — həmin il üçün fəaliyyət növləri arasında tərkib effekti sıfırdır",natural
emp_ssc_realest_nonstate,"Daşınmaz əmlakla əlaqədar əməliyyatlar — muzdlu işçilərin sayı, qeyri-dövlət (DSK)","Real estate activities — number of employees, non-state (SSC)",min nəfər,FR8,"DSK cədvəl 2.12 (`002_12-13en.xls`, `Dynamics_2.12`), 2005–2024; 2025 sütunu DVX/iş kitabı qarşılığı ilə tamamlanıb (FR08 §2.5) — həmin il üçün fəaliyyət növləri arasında tərkib effekti sıfırdır",natural
emp_ssc_realest_state,"Daşınmaz əmlakla əlaqədar əməliyyatlar — muzdlu işçilərin sayı, dövlət (DSK)","Real estate activities — number of employees, state (SSC)",min nəfər,FR8,"DSK cədvəl 2.12 (`002_12-13en.xls`, `Dynamics_2.12`), 2005–2024; 2025 sütunu DVX/iş kitabı qarşılığı ilə tamamlanıb (FR08 §2.5) — həmin il üçün fəaliyyət növləri arasında tərkib effekti sıfırdır",natural
emp_ssc_total,"İqtisadiyyat üzrə, cəmi — muzdlu işçilərin sayı, cəmi (DSK)","On economy, total — number of employees, total (SSC)",min nəfər,FR8,"DSK cədvəl 2.12 (`002_12-13en.xls`, `Dynamics_2.12`), 2005–2024; 2025 sütunu DVX/iş kitabı qarşılığı ilə tamamlanıb (FR08 §2.5) — həmin il üçün fəaliyyət növləri arasında tərkib effekti sıfırdır",natural
emp_ssc_total_nonstate,"İqtisadiyyat üzrə, cəmi — muzdlu işçilərin sayı, qeyri-dövlət (DSK)","On economy, total — number of employees, non-state (SSC)",min nəfər,FR8,"DSK cədvəl 2.12 (`002_12-13en.xls`, `Dynamics_2.12`), 2005–2024; 2025 sütunu DVX/iş kitabı qarşılığı ilə tamamlanıb (FR08 §2.5) — həmin il üçün fəaliyyət növləri arasında tərkib effekti sıfırdır",natural
emp_ssc_total_state,"İqtisadiyyat üzrə, cəmi — muzdlu işçilərin sayı, dövlət (DSK)","On economy, total — number of employees, state (SSC)",min nəfər,FR8,"DSK cədvəl 2.12 (`002_12-13en.xls`, `Dynamics_2.12`), 2005–2024; 2025 sütunu DVX/iş kitabı qarşılığı ilə tamamlanıb (FR08 §2.5) — həmin il üçün fəaliyyət növləri arasında tərkib effekti sıfırdır",natural
emp_ssc_tourism,"Turistlərin yerləşdirilməsi və ictimai iaşə — muzdlu işçilərin sayı, cəmi (DSK)","Accommodation and food service activities — number of employees, total (SSC)",min nəfər,FR8,"DSK cədvəl 2.12 (`002_12-13en.xls`, `Dynamics_2.12`), 2005–2024; 2025 sütunu DVX/iş kitabı qarşılığı ilə tamamlanıb (FR08 §2.5) — həmin il üçün fəaliyyət növləri arasında tərkib effekti sıfırdır",natural
emp_ssc_tourism_nonstate,"Turistlərin yerləşdirilməsi və ictimai iaşə — muzdlu işçilərin sayı, qeyri-dövlət (DSK)","Accommodation and food service activities — number of employees, non-state (SSC)",min nəfər,FR8,"DSK cədvəl 2.12 (`002_12-13en.xls`, `Dynamics_2.12`), 2005–2024; 2025 sütunu DVX/iş kitabı qarşılığı ilə tamamlanıb (FR08 §2.5) — həmin il üçün fəaliyyət növləri arasında tərkib effekti sıfırdır",natural
emp_ssc_tourism_state,"Turistlərin yerləşdirilməsi və ictimai iaşə — muzdlu işçilərin sayı, dövlət (DSK)","Accommodation and food service activities — number of employees, state (SSC)",min nəfər,FR8,"DSK cədvəl 2.12 (`002_12-13en.xls`, `Dynamics_2.12`), 2005–2024; 2025 sütunu DVX/iş kitabı qarşılığı ilə tamamlanıb (FR08 §2.5) — həmin il üçün fəaliyyət növləri arasında tərkib effekti sıfırdır",natural
emp_ssc_trade,"Ticarət; nəqliyyat vasitələrinin təmiri — muzdlu işçilərin sayı, cəmi (DSK)","Trade; repair of transport means — number of employees, total (SSC)",min nəfər,FR8,"DSK cədvəl 2.12 (`002_12-13en.xls`, `Dynamics_2.12`), 2005–2024; 2025 sütunu DVX/iş kitabı qarşılığı ilə tamamlanıb (FR08 §2.5) — həmin il üçün fəaliyyət növləri arasında tərkib effekti sıfırdır",natural
emp_ssc_trade_nonstate,"Ticarət; nəqliyyat vasitələrinin təmiri — muzdlu işçilərin sayı, qeyri-dövlət (DSK)","Trade; repair of transport means — number of employees, non-state (SSC)",min nəfər,FR8,"DSK cədvəl 2.12 (`002_12-13en.xls`, `Dynamics_2.12`), 2005–2024; 2025 sütunu DVX/iş kitabı qarşılığı ilə tamamlanıb (FR08 §2.5) — həmin il üçün fəaliyyət növləri arasında tərkib effekti sıfırdır",natural
emp_ssc_trade_state,"Ticarət; nəqliyyat vasitələrinin təmiri — muzdlu işçilərin sayı, dövlət (DSK)","Trade; repair of transport means — number of employees, state (SSC)",min nəfər,FR8,"DSK cədvəl 2.12 (`002_12-13en.xls`, `Dynamics_2.12`), 2005–2024; 2025 sütunu DVX/iş kitabı qarşılığı ilə tamamlanıb (FR08 §2.5) — həmin il üçün fəaliyyət növləri arasında tərkib effekti sıfırdır",natural
emp_ssc_transport,"Nəqliyyat və anbar təsərrüfatı — muzdlu işçilərin sayı, cəmi (DSK)","Transportation and storage — number of employees, total (SSC)",min nəfər,FR8,"DSK cədvəl 2.12 (`002_12-13en.xls`, `Dynamics_2.12`), 2005–2024; 2025 sütunu DVX/iş kitabı qarşılığı ilə tamamlanıb (FR08 §2.5) — həmin il üçün fəaliyyət növləri arasında tərkib effekti sıfırdır",natural
emp_ssc_transport_nonstate,"Nəqliyyat və anbar təsərrüfatı — muzdlu işçilərin sayı, qeyri-dövlət (DSK)","Transportation and storage — number of employees, non-state (SSC)",min nəfər,FR8,"DSK cədvəl 2.12 (`002_12-13en.xls`, `Dynamics_2.12`), 2005–2024; 2025 sütunu DVX/iş kitabı qarşılığı ilə tamamlanıb (FR08 §2.5) — həmin il üçün fəaliyyət növləri arasında tərkib effekti sıfırdır",natural
emp_ssc_transport_state,"Nəqliyyat və anbar təsərrüfatı — muzdlu işçilərin sayı, dövlət (DSK)","Transportation and storage — number of employees, state (SSC)",min nəfər,FR8,"DSK cədvəl 2.12 (`002_12-13en.xls`, `Dynamics_2.12`), 2005–2024; 2025 sütunu DVX/iş kitabı qarşılığı ilə tamamlanıb (FR08 §2.5) — həmin il üçün fəaliyyət növləri arasında tərkib effekti sıfırdır",natural
emp_ssc_water,"Su təchizatı; tullantıların təmizlənməsi və emalı — muzdlu işçilərin sayı, cəmi (DSK)","Water supply; waste treatment and disposal — number of employees, total (SSC)",min nəfər,FR8,"DSK cədvəl 2.12 (`002_12-13en.xls`, `Dynamics_2.12`), 2005–2024; 2025 sütunu DVX/iş kitabı qarşılığı ilə tamamlanıb (FR08 §2.5) — həmin il üçün fəaliyyət növləri arasında tərkib effekti sıfırdır",natural
emp_ssc_water_nonstate,"Su təchizatı; tullantıların təmizlənməsi və emalı — muzdlu işçilərin sayı, qeyri-dövlət (DSK)","Water supply; waste treatment and disposal — number of employees, non-state (SSC)",min nəfər,FR8,"DSK cədvəl 2.12 (`002_12-13en.xls`, `Dynamics_2.12`), 2005–2024; 2025 sütunu DVX/iş kitabı qarşılığı ilə tamamlanıb (FR08 §2.5) — həmin il üçün fəaliyyət növləri arasında tərkib effekti sıfırdır",natural
emp_ssc_water_state,"Su təchizatı; tullantıların təmizlənməsi və emalı — muzdlu işçilərin sayı, dövlət (DSK)","Water supply; waste treatment and disposal — number of employees, state (SSC)",min nəfər,FR8,"DSK cədvəl 2.12 (`002_12-13en.xls`, `Dynamics_2.12`), 2005–2024; 2025 sütunu DVX/iş kitabı qarşılığı ilə tamamlanıb (FR08 §2.5) — həmin il üçün fəaliyyət növləri arasında tərkib effekti sıfırdır",natural
emp_water,Su təchizatı — muzdlu işçilərin orta siyahı sayı,Water supply — average number of employees,nəfər,FR8,Su təchizatı,natural
employees_dvx,"Muzdla işləyənlərin sayı (orta aylıq, DVX)","Employees, monthly average (tax service)",min nəfər,FR8,DVX üzrə göstəricilər,natural
employees_moe,Muzdlu işçilərin sayı (sahə bloku üzrə),Employees (from the branch labour block),min nəfər,FR8,"MOE SOCIAL.xlsx — `8` vərəqi sətir 7 (iqtisadiyyat üzrə orta aylıq əmək haqqı), 9–45 (19 fəaliyyət növü, tək sətirlər), 48/50 (dövlət/qeyri-dövlət), 58/60 (neft/qeyri-neft), 62 (minimum əmək haqqı); `9` vərəqi eyni sətir sxemi ilə muzdlu/ümumi məşğulluq; `add8` vərəqi sətir 29 (iqtisadiyyat üzrə əmək haqqı fondu, AZN mln) və 30–48 (19 fəaliyyət növü üzrə fond). Nazirliyin nümunə-model faylı — YALNIZ OXUNUR, yalnız faktiki sütunlar (≤2024; annotasiya sətri 2025-i 'gözlənilən', 2026–2030-u 'proqnoz' kimi işarələyir); törəmə: fond×1000/(12×əmək haqqı), 2025 DVX artım tempi ilə tamamlanıb",indeks
employees_nonoil_dvx,Qeyri neft-qaz sektorunda muzdla işləyənlərin sayı (DVX),"Employees, non-oil-gas (tax service)",min nəfər,FR8,DVX üzrə göstəricilər,natural
employment,Ümumi məşğulluq,Total employment,min nəfər,FR8,"8 vərəq, 2.4.1.5.-7.",natural
employment_g,Məşğulluğun artım tempi,Employment growth,%,FR8,"8 vərəq, 2.4.1.5.-7. DİNAMİKLİK 0.013: ekzogen yolla şərtlənən sıra — dəyişkənlik `assumptions.csv`-də nəşr olunan xarici girişdən (hasilat/büdcə planı, layihə bazası və ya sürücü açarı) gəlir, modelin özündən deyil; şərti orta proqnoz onu şərtləndirən yoldan daha dəyişkən ola bilməz; Okun əlaqəsi qeyri-neft artımından gəlir",indeks
errors_omissions,"Balanslaşdırıcı maddələr (səhv və buraxılışlar) — 2010–2024 Nazirliyin öz tədiyə balansı iş kitabından; 2025-dən sıfır konvensiyası, rəsmi rəqəm gözlənilir",Errors and omissions (Ministry workbook 2010-2024; zero convention from 2025),mln USD,FR12,"8 vərəq, 2.4.1.13.-14.",cari
exp_goods,Malların ixracı (FOB),Exports of goods (FOB),mln USD,FR7/FR11,"8 vərəq, 2.4.1.13.-14.",cari
exp_goods_nonoil,Malların ixracı — qeyri neft-qaz sektoru,"Exports of goods, non-oil",mln USD,FR7/FR11,"8 vərəq, 2.4.1.13.-14.",cari
exp_goods_oil,Malların ixracı — neft-qaz sektoru,"Exports of goods, oil and gas",mln USD,FR7/FR11,"8 vərəq, 2.4.1.13.-14.",cari
exp_goods_oil_brent_hi80,"Malların ixracı — neft-qaz, Brent yuxarı ssenarisi (hi80)","Oil-gas goods exports, high Brent scenario",mln USD,FR7,"8 vərəq, 2.4.1.13.-14.",cari
exp_goods_oil_brent_lo80,"Malların ixracı — neft-qaz, Brent aşağı ssenarisi (lo80)","Oil-gas goods exports, low Brent scenario",mln USD,FR7,"8 vərəq, 2.4.1.13.-14.",cari
exp_serv_business,Xidmət ixracı — digər işgüzar xidmətlər,Services exports/imports component — exp_serv_business,mln USD,FR7,"Tədiyyə Balansı, sətirlər 15-54",cari
exp_serv_nonoil,Xidmət ixracı — qeyri neft-qaz sektoru,Services exports/imports component — exp_serv_nonoil,mln USD,FR7,"Tədiyyə Balansı, sətirlər 15-54",cari
exp_serv_oil,Xidmət ixracı — neft-qaz sektoru,Services exports/imports component — exp_serv_oil,mln USD,FR7,"Tədiyyə Balansı, sətirlər 15-54",cari
exp_serv_other,"Xidmət ixracı — digər (tikinti, maliyyə, hökumət, qalıq)",Services exports/imports component — exp_serv_other,mln USD,FR7,"Tədiyyə Balansı, sətirlər 15-54",cari
exp_serv_telecom,Xidmət ixracı — telekomunikasiya,Services exports/imports component — exp_serv_telecom,mln USD,FR7,"Tədiyyə Balansı, sətirlər 15-54",cari
exp_serv_transport,Xidmət ixracı — nəqliyyat,Services exports/imports component — exp_serv_transport,mln USD,FR7,"Tədiyyə Balansı, sətirlər 15-54",cari
exp_serv_travel,Xidmət ixracı — turizm,Services exports/imports component — exp_serv_travel,mln USD,FR7,"Tədiyyə Balansı, sətirlər 15-54",cari
exp_serv_uzlasma,Xidmət ixracının uzlaşdırma əmsalı (cəm ÷ alt sətirlər),Services reconciliation factor (published total / bottom-up sum),əmsal,FR7,"Tədiyyə Balansı, sətirlər 14/34",natural
exp_services,Xidmətlərin ixracı,Exports of services,mln USD,FR7/FR11,"8 vərəq, 2.4.1.13.-14.",cari
expend_nom,Əhalinin xərcləri,Expenditure of population,mln AZN,FR8,"8 vərəq, 2.4.1.5.-7.",cari
expend_realg,Əhalinin xərclərinin real artım tempi,Real growth of expenditure,%,FR8,"8 vərəq, 2.4.1.5.-7.",indeks
fdi_assets,Birbaşa investisiyalar — aktivlər (xarici iqtisadiyyata),Direct investment — assets (abroad),mln USD,FR12,"8 vərəq, 2.4.1.13.-14.",cari
fdi_inward,Azərbaycan iqtisadiyyatına birbaşa xarici investisiyalar,Inward FDI,mln USD,FR12,"8 vərəq, 2.4.1.13.-14.",cari
fdi_inward_nonoil,Azərbaycan iqtisadiyyatına BXİ — qeyri neft-qaz,Inward FDI — non-oil,mln USD,FR12,"8 vərəq, 2.4.1.13.-14.",cari
fdi_inward_oil,Azərbaycan iqtisadiyyatına BXİ — neft-qaz,Inward FDI — oil and gas,mln USD,FR12,"8 vərəq, 2.4.1.13.-14.",cari
fdi_liabilities,Birbaşa investisiyalar — öhdəliklər,Direct investment — liabilities,mln USD,FR12,"8 vərəq, 2.4.1.13.-14.",cari
fdi_net,"Birbaşa investisiyalar, xalis","Direct investment, net",mln USD,FR12,"8 vərəq, 2.4.1.13.-14.",cari
fdi_repatriation,İnvestisiyaların repatriasiyası (maliyyə hesabı),Repatriation of investment (financial account),mln USD,FR12,"8 vərəq, 2.4.1.13.-14.",cari
fin_derivatives_net,"Törəmə maliyyə alətləri, xalis","Financial derivatives, net",mln USD,FR12,"8 vərəq, 2.4.1.13.-14.",cari
final_consumption,Son istehlak xərcləri,Final consumption expenditure,mln AZN,FR8,Sosial sektor,cari
final_consumption_realg,Son istehlak xərclərinin real artım tempi,Real growth of final consumption,%,FR8,GÖNDƏRİLƏN yol: MPC tənliyi × §7.6-nın dekompozisiya gəlir yolu,indeks
final_consumption_realg_nuve,Son istehlakın real artımı — FR01 tələb nüvəsi (alternativ),Real final consumption growth — FR01 demand core (alternative),%,FR8,ALTERNATİV İZ: `g_cons_core` açarı — FR04 və FR07 hələ bu yolu sürücü kimi oxuyur; fərq §10-da ədədlə verilir.,indeks
financial_account,Maliyyə hesabı,Financial account,mln USD,FR12,"8 vərəq, 2.4.1.13.-14.",cari
fx_eur_azn,Avronun rəsmi orta illik məzənnəsi (AMB 2.16),Euro official average annual exchange rate (CBAR 2.16),AZN/EUR,FR10,"8 vərəq, 2.4.1.5.-7., sətir 31 (#REF!) — sıra AMB cədvəl 2.16-dan, 1999–2025; DSK 010en ilə müstəqil tutuşdurulub",indeks
fx_usd_azn,ABŞ dollarının orta illik məzənnəsi,"AZN/USD, annual average",AZN/USD,FR10,Monetar sektoru,cari
fx_usd_azn_avg,ABŞ dollarının rəsmi orta illik məzənnəsi (AMB 2.16),US dollar official average annual exchange rate (CBAR 2.16),AZN/USD,FR10,"8 vərəq, 2.4.1.5.-7., sətir 30 (#REF!) — sıra AMB cədvəl 2.16-dan",indeks
fx_usd_azn_eop,ABŞ dollarının məzənnəsi (dövrün sonuna),"AZN/USD, end of period",manat/US$,FR10,Monetar sektoru,cari
g_act_agri,"Kənd, meşə və balıqçılıq təsərrüfatı — real artım tempi",agri branch — real artım tempi,%,FR3,"8 vərəq, 2.4.1.3.",indeks
g_act_constr,Tikinti — real artım tempi,constr branch — real artım tempi,%,FR3,"8 vərəq, 2.4.1.3.",indeks
g_act_industry,Sənaye (cəmi) — real artım tempi,industry branch — real artım tempi,%,FR3,"8 vərəq, 2.4.1.3.",indeks
g_act_industry_nonoil,"Sənaye — qeyri-neft (emal, enerji, su təchizatı) — real artım tempi",industry_nonoil branch — real artım tempi,%,FR3,"8 vərəq, 2.4.1.3.",indeks
g_act_industry_oil,Sənaye — neft-qaz (mədənçıxarma) — real artım tempi,industry_oil branch — real artım tempi,%,FR3,"8 vərəq, 2.4.1.3.",indeks
g_act_nettax,Məhsula və idxala xalis vergilər — real artım tempi,nettax branch — real artım tempi,%,FR3,"8 vərəq, 2.4.1.3.",indeks
g_act_services,Xidmətlər (cəmi) — real artım tempi,services branch — real artım tempi,%,FR3,"8 vərəq, 2.4.1.3.",indeks
g_act_total,ÜDM (5 budağın cəmi) — real artım tempi,total branch — real artım tempi,%,FR3,"8 vərəq, 2.4.1.3.",indeks
g_agri,"Kənd, meşə və balıqçılıq təsərrüfatı — real artım tempi","Agriculture, forestry and fishing — real growth rate",%,FR2/FR3,"8 vərəq, 2.4.1.2. DİNAMİKLİK 0.199: ekzogen yolla şərtlənən sıra — dəyişkənlik `assumptions.csv`-də nəşr olunan xarici girişdən (hasilat/büdcə planı, layihə bazası və ya sürücü açarı) gəlir, modelin özündən deyil; şərti orta proqnoz onu şərtləndirən yoldan daha dəyişkən ola bilməz; mərkəzi yolu daşıyan ansambl: ESAS 1.00; dinamika forması: GECIKME; sürücünün proqnoz yolu 0.84-0.84 % (0.00 f.b. dəyişmə); şərti orta proqnoz onu şərtləndirən yollardan daha dəyişkən ola bilməz",indeks
g_constr,Tikinti — real artım tempi,Construction — real growth rate,%,FR2/FR3,"8 vərəq, 2.4.1.2. DİNAMİKLİK 0.028: ekzogen yolla şərtlənən sıra — dəyişkənlik `assumptions.csv`-də nəşr olunan xarici girişdən (hasilat/büdcə planı, layihə bazası və ya sürücü açarı) gəlir, modelin özündən deyil; şərti orta proqnoz onu şərtləndirən yoldan daha dəyişkən ola bilməz; mərkəzi yolu daşıyan ansambl: ORTA5 0.06, ALT 0.51, KOHNE 0.43; dinamika forması: ECM; sürücünün proqnoz yolu 5.90-7.09 % (1.19 f.b. dəyişmə); şərti orta proqnoz onu şərtləndirən yollardan daha dəyişkən ola bilməz",indeks
g_ict,İnformasiya və rabitə — real artım tempi,Information and communication — real growth rate,%,FR2/FR3,"8 vərəq, 2.4.1.2. DİNAMİKLİK 0.000: ETALON ilə daşınan yol — struktur namizədlər nümunədən kənar sınaqda təsadüfi gəzişməni üstələmədi, ona görə D4 qaydasına əsasən mərkəzi yolu etalon daşıyır və yol konstruksiya etibarilə hamardır; mərkəzi yolu daşıyan ansambl: RW 1.00; dinamika forması: ETALON; sahə üçün heç bir struktur sürücü namizədi qapıdan keçmədi, ona görə sahə tənliyi mərkəzi yolda yoxdur; uduzan yarış nəşr olunub: namizəd sürücülərin qapı nəticəsi `assumptions.csv`-də (həmin açarın qeydi), model yarışı isə `validation_backtest.csv`-də `g_ict` sətirlərindədir",indeks
g_manuf,Emal sənayesi — real artım tempi,Manufacturing — real growth rate,%,FR2/FR3,"8 vərəq, 2.4.1.2. DİNAMİKLİK 0.004: ekzogen yolla şərtlənən sıra — dəyişkənlik `assumptions.csv`-də nəşr olunan xarici girişdən (hasilat/büdcə planı, layihə bazası və ya sürücü açarı) gəlir, modelin özündən deyil; şərti orta proqnoz onu şərtləndirən yoldan daha dəyişkən ola bilməz; mərkəzi yolu daşıyan ansambl: AR1 0.39, ORTA5 0.26, ESAS 0.35; dinamika forması: STATIK; sürücünün proqnoz yolu 6.14-6.44 % (0.30 f.b. dəyişmə); şərti orta proqnoz onu şərtləndirən yollardan daha dəyişkən ola bilməz",indeks
g_mining,Mədənçıxarma sənayesi — real artım tempi,Mining and quarrying — real growth rate,%,FR2/FR3,"8 vərəq, 2.4.1.2. DİNAMİKLİK 0.828: ekzogen yolla şərtlənən sıra — dəyişkənlik `assumptions.csv`-də nəşr olunan xarici girişdən (hasilat/büdcə planı, layihə bazası və ya sürücü açarı) gəlir, modelin özündən deyil; şərti orta proqnoz onu şərtləndirən yoldan daha dəyişkən ola bilməz; mədənçıxarma sahə tənliyi ilə deyil, neft-qaz blokunun həcm və qiymət yolu ilə idarə olunur — dəyişkənliyi blokun öz yolundan gəlir; şərti orta proqnoz onu şərtləndirən yollardan daha dəyişkən ola bilməz",indeks
g_power,"Elektrik enerjisi, qaz və buxar istehsalı və təchizatı — real artım tempi","Electricity, gas and steam supply — real growth rate",%,FR2/FR3,"8 vərəq, 2.4.1.2. DİNAMİKLİK 0.009: ETALON ilə daşınan yol — struktur namizədlər nümunədən kənar sınaqda təsadüfi gəzişməni üstələmədi, ona görə D4 qaydasına əsasən mərkəzi yolu etalon daşıyır və yol konstruksiya etibarilə hamardır; mərkəzi yolu daşıyan ansambl: AR1 0.36, ORTA5 0.28, KOHNE 0.36; dinamika forması: ETALON; sahə üçün heç bir struktur sürücü namizədi qapıdan keçmədi, ona görə sahə tənliyi mərkəzi yolda yoxdur; uduzan yarış nəşr olunub: namizəd sürücülərin qapı nəticəsi `assumptions.csv`-də (həmin açarın qeydi), model yarışı isə `validation_backtest.csv`-də `g_power` sətirlərindədir",indeks
g_social,Sosial və digər sahələrdə yaradılmış əlavə dəyər — real artım tempi,Social and other services — real growth rate,%,FR2/FR3,"8 vərəq, 2.4.1.2. DİNAMİKLİK 0.033: ekzogen yolla şərtlənən sıra — dəyişkənlik `assumptions.csv`-də nəşr olunan xarici girişdən (hasilat/büdcə planı, layihə bazası və ya sürücü açarı) gəlir, modelin özündən deyil; şərti orta proqnoz onu şərtləndirən yoldan daha dəyişkən ola bilməz; mərkəzi yolu daşıyan ansambl: AR1 0.29, ORTA5 0.28, ALT 0.44; dinamika forması: STATIK; sürücünün proqnoz yolu 7.96-8.36 % (0.39 f.b. dəyişmə); şərti orta proqnoz onu şərtləndirən yollardan daha dəyişkən ola bilməz",indeks
g_tourism,Turistlərin yerləşdirilməsi və ictimai iaşə — real artım tempi,Accommodation and food service — real growth rate,%,FR2/FR3,"8 vərəq, 2.4.1.2. DİNAMİKLİK 0.015: ekzogen yolla şərtlənən sıra — dəyişkənlik `assumptions.csv`-də nəşr olunan xarici girişdən (hasilat/büdcə planı, layihə bazası və ya sürücü açarı) gəlir, modelin özündən deyil; şərti orta proqnoz onu şərtləndirən yoldan daha dəyişkən ola bilməz; mərkəzi yolu daşıyan ansambl: ORTA5 0.04, ALT 0.91, KOHNE 0.05; dinamika forması: GECIKME; sürücünün proqnoz yolu 13.05-13.74 % (0.68 f.b. dəyişmə); şərti orta proqnoz onu şərtləndirən yollardan daha dəyişkən ola bilməz",indeks
g_trade,"Ticarət, nəqliyyat vasitələrinin təmiri — real artım tempi",Trade and repair of vehicles — real growth rate,%,FR2/FR3,"8 vərəq, 2.4.1.2. DİNAMİKLİK 0.041: ekzogen yolla şərtlənən sıra — dəyişkənlik `assumptions.csv`-də nəşr olunan xarici girişdən (hasilat/büdcə planı, layihə bazası və ya sürücü açarı) gəlir, modelin özündən deyil; şərti orta proqnoz onu şərtləndirən yoldan daha dəyişkən ola bilməz; mərkəzi yolu daşıyan ansambl: ESAS 0.97, KOHNE 0.03; dinamika forması: STATIK; sürücünün proqnoz yolu 5.11-5.50 % (0.39 f.b. dəyişmə); şərti orta proqnoz onu şərtləndirən yollardan daha dəyişkən ola bilməz",indeks
g_transport,Nəqliyyat və anbar təsərrüfatı — real artım tempi,Transport and storage — real growth rate,%,FR2/FR3,"8 vərəq, 2.4.1.2. DİNAMİKLİK 0.006: ekzogen yolla şərtlənən sıra — dəyişkənlik `assumptions.csv`-də nəşr olunan xarici girişdən (hasilat/büdcə planı, layihə bazası və ya sürücü açarı) gəlir, modelin özündən deyil; şərti orta proqnoz onu şərtləndirən yoldan daha dəyişkən ola bilməz; mərkəzi yolu daşıyan ansambl: AR1 0.31, ORTA5 0.33, ESAS 0.36; dinamika forması: STATIK; sürücünün proqnoz yolu 3.99-3.99 % (0.00 f.b. dəyişmə); şərti orta proqnoz onu şərtləndirən yollardan daha dəyişkən ola bilməz",indeks
g_water,"Su təchizatı, tullantıların təmizlənməsi və emalı — real artım tempi",Water supply and waste management — real growth rate,%,FR2/FR3,"8 vərəq, 2.4.1.2. DİNAMİKLİK 0.013: ETALON ilə daşınan yol — struktur namizədlər nümunədən kənar sınaqda təsadüfi gəzişməni üstələmədi, ona görə D4 qaydasına əsasən mərkəzi yolu etalon daşıyır və yol konstruksiya etibarilə hamardır; mərkəzi yolu daşıyan ansambl: AR1 0.57, ORTA5 0.43; dinamika forması: ETALON; sahə üçün heç bir struktur sürücü namizədi qapıdan keçmədi, ona görə sahə tənliyi mərkəzi yolda yoxdur; uduzan yarış nəşr olunub: namizəd sürücülərin qapı nəticəsi `assumptions.csv`-də (həmin açarın qeydi), model yarışı isə `validation_backtest.csv`-də `g_water` sətirlərindədir",indeks
gdp_defl,ÜDM deflyatoru,GDP deflator,%,FR1,"8 vərəq, 2.4.1.1. DİNAMİKLİK 0.026: qiymət blokunun sırası — yol İQİ hədəf yoluna və/və ya Brent-in şərti orta yoluna bağlıdır; sabit qiymət prosesi üzərində şərti ortanın az dəyişkən olması qüsur deyil, məhz DÜZGÜN davranışdır; ÜDM deflyatoru iki blok deflyatorunun çəkili nəticəsidir: neft-qaz deflyatoru FR05b-nin çəkili neft+qaz qiymət indeksinə, qeyri-neft deflyatoru isə İQİ yoluna bağlıdır; hər iki giriş şərti orta yoldur (Brent FR05-in struktur tənliyindən, İQİ hədəfə yığılan ansambl), ona görə nəticənin dəyişkənliyi girişlərinkindən böyük ola bilməz; tarixi σ 13,3 f.b. isə 2015-2016 devalvasiyası və 2021-2022 qiymət epizodunu ehtiva edir",indeks
gdp_nom,ÜDM bazar qiymətləri ilə,GDP at market prices,mln AZN,FR1,"8 vərəq, 2.4.1.1.",cari
gdp_nonoil_defl_prod,Qeyri-neft ÜDM-in deflyatoru (istehsal metodu),"Non-oil GDP deflator, production approach",%,FR2,"nominal/real aqreqatların nisbəti (əlavə dəyər bazası); faktiki hissənin tərif qeydi `gdp_nonoil_realg_prod` ilə eynidir DİNAMİKLİK 0.069: qiymət blokunun sırası — yol İQİ hədəf yoluna və/və ya Brent-in şərti orta yoluna bağlıdır; sabit qiymət prosesi üzərində şərti ortanın az dəyişkən olması qüsur deyil, məhz DÜZGÜN davranışdır; aqreqat deflyator sahə deflyatorlarının çəkili nəticəsidir; hamısı İQİ yolu ilə şərtlənir və İQİ-nin öz yolu hədəfə yığılan hamar sıradır",indeks
gdp_nonoil_demand,Qeyri-neft ÜDM — tələb nüvəsinin oxunuşu,"Non-oil GDP, demand-core reading",mln AZN,FR1,FR01 simultan nüvəsi; istehsal metodu ilə fərq: FR2 `gdp_nonoil_gap`,cari
gdp_nonoil_gap,Qeyri-neft ÜDM: istehsal metodu ilə tələb nüvəsinin fərqi,Non-oil GDP: production minus demand-core,mln AZN,FR2,"FR02 (istehsal metodu, baş göstərici) − FR01 (tələb nüvəsi); miqyaslama əvəzinə nəşr olunan fərq",cari
gdp_nonoil_gap_pct,"Qeyri-neft ÜDM: istehsal metodu ilə tələb nüvəsinin fərqi, %","Non-oil GDP: production minus demand reading, % of production reading",%,FR1,"İki oxunuş arasındakı fərq miqyaslanmır, nəşr olunur; səviyyə sırası: FR2 `gdp_nonoil_gap`",indeks
gdp_nonoil_prod,"Qeyri-neft ÜDM, bazar qiymətləri ilə (istehsal metodu)","Non-oil GDP at market prices, production approach",mln AZN,FR2,"qeyri-neft əlavə dəyəri + (1−φ)×xalis vergilər; zolaq komponent OOS xətalarından (mühafizəkar, tam korrelyasiya konvensiyası)",cari
gdp_nonoil_realg_prod,Qeyri-neft ÜDM-in real artım tempi (istehsal metodu),"Non-oil GDP real growth, production approach",%,FR2,"sahə həcm cəmlərinin nisbəti (ƏLAVƏ DƏYƏR bazası). TƏRİF QEYDİ: FAKTİKİ hissə statutar sıradır (bazar qiymətləri, bütün mədənçıxarma neft-qaz blokunda), proqnoz hissəsi isə aşağıdan-yuxarı əlavə dəyər aqreqatıdır (qeyri-neft mədənçıxarma qeyri-neft blokunda); bölgü yalnız 2016-dan mövcud olduğu üçün tarixi hissə eyni tərifə görə qurula bilmir — fərqin ölçüsü Bölmə 7.4-də çap olunur DİNAMİKLİK 0.036: ekzogen yolla şərtlənən sıra — dəyişkənlik `assumptions.csv`-də nəşr olunan xarici girişdən (hasilat/büdcə planı, layihə bazası və ya sürücü açarı) gəlir, modelin özündən deyil; şərti orta proqnoz onu şərtləndirən yoldan daha dəyişkən ola bilməz; aqreqat on bir sahənin çəkili cəmidir; onun dinamikliyi komponentlərin dinamikliyinin çəkili ortasından yuxarı ola bilməz — sahə-sahə səbəblər yuxarıdakı cədvəldədir",indeks
gdp_oilgas_prod,"Neft-qaz ÜDM, bazar qiymətləri ilə (istehsal metodu)","Oil-gas GDP at market prices, production approach",mln AZN,FR2,"xam neft və qaz hasilatı üzrə əlavə dəyər (FR05b yolu) + φ×xalis vergilər. TƏRİF FƏRQİ: iş kitabının `oil_nom` sırasından fərqli olaraq qeyri-neft mədənçıxarma bu blokda DEYİL, qeyri-neft blokundadır; tarixi hissə də eyni təriflə qurulub (2016-dan)",cari
gdp_pc_azn,Adambaşına düşən ÜDM (manatla),GDP per capita (AZN),AZN,FR1,"8 vərəq, 2.4.1.1.",cari
gdp_pc_realg,Adambaşına düşən ÜDM-in real artım tempi,GDP per capita real growth,%,FR1,"8 vərəq, 2.4.1.1.",indeks
gdp_pc_usd,Adambaşına düşən ÜDM (ABŞ dolları ilə),"GDP per capita, USD",USD,FR1,"8 vərəq, 2.4.1.1.",cari
gdp_prod,"ÜDM, bazar qiymətləri ilə (istehsal metodu)","GDP at market prices, production approach",mln AZN,FR2,qeyri-neft + neft-qaz bloklarının cəmi,cari
gdp_reading_gap,ÜDM-in iki oxunuşunun fərqi (istehsal metodu − FR01 baş göstəricisi),GDP: production-method total minus FR01 published GDP,mln AZN,FR12,"8 vərəq, 2.4.1.13.-14.",cari
gdp_reading_gap_pct,"ÜDM-in iki oxunuşunun fərqi, FR01 ÜDM-inin %-i","GDP: production total minus FR01 published GDP, % of FR01 GDP",%,FR12,"8 vərəq, 2.4.1.13.-14.",indeks
gdp_realg,ÜDM real artım tempi,GDP real growth rate,%,FR1,"8 vərəq, 2.4.1.1. DİNAMİKLİK 0.198: ekzogen yolla şərtlənən sıra — dəyişkənlik `assumptions.csv`-də nəşr olunan xarici girişdən (hasilat/büdcə planı, layihə bazası və ya sürücü açarı) gəlir, modelin özündən deyil; şərti orta proqnoz onu şərtləndirən yoldan daha dəyişkən ola bilməz; aqreqat üç komponentin çəkili cəmidir (neft-qaz bloku, qeyri-neft istehsal bloku, xalis vergilər); neft-qaz komponentinin HƏCM yolu Nazirliyin hasilat planından gəlir (FR05b, Bölmə 9 — inzibati, hamar yol) və onun ÜDM-dəki payı ~25 %-dir, ona görə aqreqatın dəyişkənliyinin böyük hissəsi həmin plana bağlıdır; qeyri-neft hissəsinin sahə-sahə səbəbləri FR02, Bölmə 7.8-dədir",indeks
go_agri,"Kənd, meşə və balıqçılıq təsərrüfatı — ümumi buraxılış","Agriculture, forestry and fishing — gross output",mln AZN,FR2/FR3,"8 vərəq, 2.4.1.2.",cari
go_constr,Tikinti — ümumi buraxılış,Construction — gross output,mln AZN,FR2/FR3,"8 vərəq, 2.4.1.2.",cari
go_ict,İnformasiya və rabitə — ümumi buraxılış,Information and communication — gross output,mln AZN,FR2/FR3,"8 vərəq, 2.4.1.2.",cari
go_manuf,Emal sənayesi — ümumi buraxılış,Manufacturing — gross output,mln AZN,FR2/FR3,"8 vərəq, 2.4.1.2.",cari
go_mining,Mədənçıxarma sənayesi — ümumi buraxılış,Mining and quarrying — gross output,mln AZN,FR2/FR3,"8 vərəq, 2.4.1.2.",cari
go_oilgas_extraction,Xam neft və təbii qaz hasilatı üzrə buraxılış,Crude oil and natural gas extraction — gross output,mln AZN,FR3,Mədənçıxarma,cari
go_power,"Elektrik enerjisi, qaz və buxar istehsalı və təchizatı — ümumi buraxılış","Electricity, gas and steam supply — gross output",mln AZN,FR2/FR3,"8 vərəq, 2.4.1.2.",cari
go_social,Sosial və digər sahələrdə yaradılmış əlavə dəyər — ümumi buraxılış,Social and other services — gross output,mln AZN,FR2/FR3,"8 vərəq, 2.4.1.2.",cari
go_total,Cəmi məhsul buraxılışı,Total gross output,mln AZN,FR2,Real sektor,cari
go_tourism,Turistlərin yerləşdirilməsi və ictimai iaşə — ümumi buraxılış,Accommodation and food service — gross output,mln AZN,FR2/FR3,"8 vərəq, 2.4.1.2.",cari
go_trade,"Ticarət, nəqliyyat vasitələrinin təmiri — ümumi buraxılış",Trade and repair of vehicles — gross output,mln AZN,FR2/FR3,"8 vərəq, 2.4.1.2.",cari
go_transport,Nəqliyyat və anbar təsərrüfatı — ümumi buraxılış,Transport and storage — gross output,mln AZN,FR2/FR3,"8 vərəq, 2.4.1.2.",cari
go_water,"Su təchizatı, tullantıların təmizlənməsi və emalı — ümumi buraxılış",Water supply and waste management — gross output,mln AZN,FR2/FR3,"8 vərəq, 2.4.1.2.",cari
gov_cons_collect,Dövlət idarələrinin kollektiv xidmət xərcləri (P.4),"Government actual final consumption, collective services (P.4)",mln AZN,FR1,"DSK cədvəl 27 (`027en`), sətir 12 (P.4), 1993–2025",cari
gov_cons_indiv,Dövlət idarələrinin fərdi xidmət xərcləri (P.3),Government expenditure on individual services (P.3),mln AZN,FR1,"DSK cədvəl 27 (`027en`), sətir 10 (P.3), 1993–2025",cari
gov_cons_realg,Dövlət son istehlakının real artım tempi,"Government final consumption, real growth",%,FR1,"DSK cədvəl 27 (`027en`), P.3 + P.4, 1993–2025; İQİ ilə deflyasiya edilib. FR01 tələb tənliyində ayrıca sürücü kimi sınaqdan keçirilir",indeks
gov_cons_total,Dövlət idarələrinin son istehlak xərcləri (P.3 + P.4),Government final consumption expenditure (P.3 + P.4),mln AZN,FR1,"DSK cədvəl 27 (`027en`), sətir 10 + sətir 12, 1993–2025 — milli hesablar əsaslı dövlət son istehlakı (xərc tərəfinin müstəqil oxunuşu); iş kitabının `final_consumption` sırası bu ayağı DAŞIMIR",cari
hh_cons_actual,Ev təsərrüfatlarının faktiki son istehlak xərcləri (P.4),Actual final consumption expenditure of households (P.4),mln AZN,FR1,"DSK cədvəl 27 (`027en`), sətir 7 (P.4), 1993–2025 — iş kitabının `final_consumption` sırasından FƏRQLİ anlayış, ona görə ayrıca kod",cari
ic_agri,"Kənd, meşə və balıqçılıq təsərrüfatı — aralıq istehlak","Agriculture, forestry and fishing — intermediate consumption",mln AZN,FR2/FR3,"8 vərəq, 2.4.1.2.",cari
ic_constr,Tikinti — aralıq istehlak,Construction — intermediate consumption,mln AZN,FR2/FR3,"8 vərəq, 2.4.1.2.",cari
ic_ict,İnformasiya və rabitə — aralıq istehlak,Information and communication — intermediate consumption,mln AZN,FR2/FR3,"8 vərəq, 2.4.1.2.",cari
ic_manuf,Emal sənayesi — aralıq istehlak,Manufacturing — intermediate consumption,mln AZN,FR2/FR3,"8 vərəq, 2.4.1.2.",cari
ic_mining,Mədənçıxarma sənayesi — aralıq istehlak,Mining and quarrying — intermediate consumption,mln AZN,FR2/FR3,"8 vərəq, 2.4.1.2.",cari
ic_power,"Elektrik enerjisi, qaz və buxar istehsalı və təchizatı — aralıq istehlak","Electricity, gas and steam supply — intermediate consumption",mln AZN,FR2/FR3,"8 vərəq, 2.4.1.2.",cari
ic_social,Sosial və digər sahələrdə yaradılmış əlavə dəyər — aralıq istehlak,Social and other services — intermediate consumption,mln AZN,FR2/FR3,"8 vərəq, 2.4.1.2.",cari
ic_tourism,Turistlərin yerləşdirilməsi və ictimai iaşə — aralıq istehlak,Accommodation and food service — intermediate consumption,mln AZN,FR2/FR3,"8 vərəq, 2.4.1.2.",cari
ic_trade,"Ticarət, nəqliyyat vasitələrinin təmiri — aralıq istehlak",Trade and repair of vehicles — intermediate consumption,mln AZN,FR2/FR3,"8 vərəq, 2.4.1.2.",cari
ic_transport,Nəqliyyat və anbar təsərrüfatı — aralıq istehlak,Transport and storage — intermediate consumption,mln AZN,FR2/FR3,"8 vərəq, 2.4.1.2.",cari
ic_water,"Su təchizatı, tullantıların təmizlənməsi və emalı — aralıq istehlak",Water supply and waste management — intermediate consumption,mln AZN,FR2/FR3,"8 vərəq, 2.4.1.2.",cari
imp_goods,Malların idxalı (FOB),Imports of goods (FOB),mln USD,FR7/FR11,"8 vərəq, 2.4.1.13.-14.",cari
imp_goods_nonoil,Malların idxalı — qeyri neft-qaz sektoru,"Imports of goods, non-oil",mln USD,FR7/FR11,"8 vərəq, 2.4.1.13.-14.",cari
imp_goods_oil,Malların idxalı — neft-qaz sektoru,"Imports of goods, oil and gas",mln USD,FR7/FR11,"8 vərəq, 2.4.1.13.-14.",cari
imp_oilgas_products,Neft/qaz məhsullarının idxalı (DGK dəyəri),Imports of oil and gas products (customs value),mln USD,FR7/FR11,Ticarət,cari
imp_serv_business,Xidmət idxalı — digər işgüzar xidmətlər,Services exports/imports component — imp_serv_business,mln USD,FR7,"Tədiyyə Balansı, sətirlər 15-54",cari
imp_serv_nonoil,Xidmət idxalı — qeyri neft-qaz sektoru,Services exports/imports component — imp_serv_nonoil,mln USD,FR7,"Tədiyyə Balansı, sətirlər 15-54",cari
imp_serv_oil,Xidmət idxalı — neft-qaz sektoru,Services exports/imports component — imp_serv_oil,mln USD,FR7,"Tədiyyə Balansı, sətirlər 15-54",cari
imp_serv_other,"Xidmət idxalı — digər (tikinti, maliyyə, hökumət, qalıq)",Services exports/imports component — imp_serv_other,mln USD,FR7,"Tədiyyə Balansı, sətirlər 15-54",cari
imp_serv_telecom,Xidmət idxalı — telekomunikasiya,Services exports/imports component — imp_serv_telecom,mln USD,FR7,"Tədiyyə Balansı, sətirlər 15-54",cari
imp_serv_transport,Xidmət idxalı — nəqliyyat,Services exports/imports component — imp_serv_transport,mln USD,FR7,"Tədiyyə Balansı, sətirlər 15-54",cari
imp_serv_travel,Xidmət idxalı — turizm,Services exports/imports component — imp_serv_travel,mln USD,FR7,"Tədiyyə Balansı, sətirlər 15-54",cari
imp_serv_uzlasma,Xidmət idxalının uzlaşdırma əmsalı (cəm ÷ alt sətirlər),Services reconciliation factor (published total / bottom-up sum),əmsal,FR7,"Tədiyyə Balansı, sətirlər 14/34",natural
imp_services,Xidmətlərin idxalı,Imports of services,mln USD,FR7/FR11,"8 vərəq, 2.4.1.13.-14.",cari
import_price_infl,İdxal qiymətlərinin artımı,Import price inflation,%,FR9,external_block_annual.csv,indeks
income_nom,Əhalinin pul gəlirləri,Money income of population,mln AZN,FR8,"8 vərəq, 2.4.1.5.-7.",cari
income_other,Gəlirin digər (sahibkarlıq və mülkiyyət) ayağı,Household income: entrepreneurial and property income,mln AZN,FR8,"Sosial sektor r042 + r043. Sürücü — qeyri-neft ÜDM, nominal (real_r005). QALIQ DEYİL: öz tənliyi var və eynilik onsuz da qapanır.",cari
income_realg,Əhalinin gəlirlərinin real artım tempi,Real growth of income,%,FR8,"8 vərəq, 2.4.1.5.-7. DİNAMİKLİK 0.012: ekzogen yolla şərtlənən sıra — dəyişkənlik `assumptions.csv`-də nəşr olunan xarici girişdən (hasilat/büdcə planı, layihə bazası və ya sürücü açarı) gəlir, modelin özündən deyil; şərti orta proqnoz onu şərtləndirən yoldan daha dəyişkən ola bilməz; gəlirin üç ayağı da hamar sürücülərlə şərtlənir (əmək haqqı ansamblı, DSMF körpüsü, qeyri-neft nominal ÜDM); dekompozisiya kanalı açır, lakin sürücülərin dövrəviliyini yaratmır — dinamika tələbinin (ii) bəndi fərziyyə profilləri ilə bağlıdır",indeks
income_realg_nuve,Əhalinin gəlirlərinin real artımı — FR01 tələb nüvəsi (alternativ),Real household income growth — FR01 demand core (alternative),%,FR8,ALTERNATİV İZ: `g_income_core` açarı. istehsal metoduna keçiddən sonra nüvə alternativ oxunuşdur; mərkəzi yol §7.6-nın dekompozisiyasıdır.,indeks
income_realg_v2,Əhalinin gəlirlərinin real artımı — v2-nin birbaşa tənliyi (alternativ),Real household income growth — v2 direct equation (alternative),%,FR8,"ALTERNATİV İZ: income_realg ← nonoil_realg. §6.6 yarışında dekompozisiyaya uduzdu (RMSE 4,269 vs 3,024/3,291); silinmir, nəşr olunur.",indeks
income_transfers,Gəlirin transfert ayağı,Household income: transfers received,mln AZN,FR8,Sosial sektor r044 (alınmış cari və əsaslı transfertlər). Sürücülər — DSMF xərcləri (MOE FISCAL `Pension Fund`) və orta aylıq pensiya.,cari
income_wage_bill,Gəlirin əmək ödənişləri ayağı,Household income: compensation of employees,mln AZN,FR8,"Sosial sektor r041 (işçilərə əmək ödənişləri). Əmək haqqı → gəlir kanalının birinci ayağı; sürücü — əmək haqqı fondu (orta əmək haqqı × muzdlu işçi sayı), sahə fondu MOE SOCIAL add8-dən.",cari
inv_defl,"İnvestisiya deflyatoru (indeks, 2025 = 100)","Investment deflator (index, 2025 = 100)",indeks,FR6,inv_defl_g-dən zəncirlənib; nominal proqnoz səviyyələri bu indekslə qurulur (investisiyanın ayrıca qiymət indeksi),indeks
inv_defl_g,İnvestisiya deflyatorunun illik artımı,"Investment deflator, annual growth",%,FR6,"implisit deflyator: Real sektor sətir 80 (nominal) ÷ sətir 81 (real indeks), 2008-2025. İnvestisiyanın ayrıca qiymət indeksi tələbinin cavabı. Nazirliyin öz DEFID sırası (MOE SNA `Investisiya` r45) çarpaz yoxlamadır, giriş deyil. DİNAMİKLİK 0.006: qiymət blokunun sırası — yol İQİ hədəf yoluna və/və ya Brent-in şərti orta yoluna bağlıdır; sabit qiymət prosesi üzərində şərti ortanın az dəyişkən olması qüsur deyil, məhz DÜZGÜN davranışdır; mərkəzi yolu daşıyan ansambl: PROXY_QIYMETLI 0.00, PROXY_TETBIQ 0.00, TIKINTI_IDXAL 1.00, IQI 0.00, AR1 0.00, ORTA5 0.00; sürücü tikinti-quraşdırma deflyatorunun FR02 yoludur, onun proqnoz aralığı 2.15-2.26 % (0.12 f.b.).",indeks
inv_domestic,Daxili investisiya,Domestic investment,mln AZN,FR6,"faktiki sıra (iş kitabı, cari qiymətlər). NƏŞRDƏ bu kod iki kodla əvəzlənib: `inv_domestic_nom` (cari qiymətlər) və `inv_domestic_real2025` (2025 sabit qiymətləri)",cari
inv_domestic_g,Daxili investisiyanın real artım tempi,Domestic investment real growth,%,FR6,"8 vərəq, 2.4.1.5.-7.; qalıq yoldan törənib, ayrıca yelpik zolağı yoxdur",indeks
inv_domestic_nom,Daxili investisiya (cari qiymətlərlə),Domestic investment (current prices),mln AZN,FR6,"8 vərəq, 2.4.1.5.-7.; proqnoz QALIQ-dır (cəmi − xarici); faktiki müşahidələr, şablon-nümunə səviyyələri VƏ bizim nominal proqnozumuz cari qiymətlərlədir. nominal proqnoz yolu investisiya deflyatoru ilə qurulub (inv_defl); əvvəlki buraxılışda nominal proqnoz sətri ÜMUMİYYƏTLƏ yox idi — investisiyanın ayrıca qiymət indeksi",cari
inv_domestic_real2025,Daxili investisiya (2025 sabit qiymətləri ilə),Domestic investment (constant 2025 prices),mln AZN,FR6,"8 vərəq, 2.4.1.5.-7.; proqnoz QALIQ-dır (cəmi − xarici); proqnoz yolu 2025 sabit qiymətləri ilədir, 2025 sətri baza ili lövbəridir",sabit-2025
inv_foreign,Xarici investisiya,Foreign investment,mln AZN,FR6,"faktiki sıra (iş kitabı, cari qiymətlər). NƏŞRDƏ bu kod iki kodla əvəzlənib: `inv_foreign_nom` (cari qiymətlər) və `inv_foreign_real2025` (2025 sabit qiymətləri)",cari
inv_foreign_g,Xarici investisiyanın real artım tempi,Foreign investment real growth,%,FR6,"8 vərəq, 2.4.1.5.-7., sətir 17; proqnoz sətirləri şablon-nümunə ssenarisinin ÖZ rəqəmidir (source=template_sample), ekzogen fərziyyə açarı: inv_foreign_realg. DİNAMİKLİK 0.509: ekzogen yolla şərtlənən sıra — dəyişkənlik `assumptions.csv`-də nəşr olunan xarici girişdən (hasilat/büdcə planı, layihə bazası və ya sürücü açarı) gəlir, modelin özündən deyil; şərti orta proqnoz onu şərtləndirən yoldan daha dəyişkən ola bilməz; mərkəzi yol EKZOGEN fərziyyədir (Nazirliyin FDI layihə bazasının real artım sətri), ona görə dəyişkənlik fərziyyənin öz profilindən gəlir, modeldən deyil.",indeks
inv_foreign_nom,Xarici investisiya (cari qiymətlərlə),Foreign investment (current prices),mln AZN,FR6,"8 vərəq, 2.4.1.5.-7.; proqnoz = şablon-nümunə ssenarisinin REAL artım yolu iş kitabının 2025 səviyyəsinə tətbiq edilib (vintaj yenidən bazalaşdırma); faktiki müşahidələr, şablon-nümunə səviyyələri VƏ bizim nominal proqnozumuz cari qiymətlərlədir. nominal proqnoz yolu investisiya deflyatoru ilə qurulub (inv_defl); əvvəlki buraxılışda nominal proqnoz sətri ÜMUMİYYƏTLƏ yox idi — investisiyanın ayrıca qiymət indeksi",cari
inv_foreign_real2025,Xarici investisiya (2025 sabit qiymətləri ilə),Foreign investment (constant 2025 prices),mln AZN,FR6,"8 vərəq, 2.4.1.5.-7.; proqnoz = şablon-nümunə ssenarisinin REAL artım yolu iş kitabının 2025 səviyyəsinə tətbiq edilib (vintaj yenidən bazalaşdırma); proqnoz yolu 2025 sabit qiymətləri ilədir, 2025 sətri baza ili lövbəridir",sabit-2025
inv_nonoil,Qeyri neft-qaz sektoruna investisiyalar,Investment in non-oil sectors,mln AZN,FR6,"faktiki sıra (iş kitabı, cari qiymətlər). NƏŞRDƏ bu kod iki kodla əvəzlənib: `inv_nonoil_nom` (cari qiymətlər) və `inv_nonoil_real2025` (2025 sabit qiymətləri)",cari
inv_nonoil_g,Qeyri neft-qaz sektoruna investisiyaların real artım tempi,"Investment in non-oil sectors, real growth",%,FR6,"Real sektor, sətir 84/85; qalıq (cəmi − neft-qaz); neft-qaz komponenti artıq SABİT PAY deyil: yarışın ansamblı daşıyır (struktur sürücülər qapıdan keçmədi, sabit pay isə RW-ni üstələmədi); qeyri-neft qalıqdır",indeks
inv_nonoil_nom,Qeyri neft-qaz sektoruna investisiyalar (cari qiymətlərlə),Investment in non-oil sectors (current prices),mln AZN,FR6,"8 vərəq, 2.4.1.5.-7.; neft-qaz komponenti artıq SABİT PAY deyil: yarışın ansamblı daşıyır (struktur sürücülər qapıdan keçmədi, sabit pay isə RW-ni üstələmədi); qeyri-neft qalıqdır; faktiki müşahidələr, şablon-nümunə səviyyələri VƏ bizim nominal proqnozumuz cari qiymətlərlədir. nominal proqnoz yolu investisiya deflyatoru ilə qurulub (inv_defl); əvvəlki buraxılışda nominal proqnoz sətri ÜMUMİYYƏTLƏ yox idi — investisiyanın ayrıca qiymət indeksi",cari
inv_nonoil_nonstate,Qeyri neft-qaz qeyri-dövlət investisiyaları,Non-oil non-state investment,mln AZN,FR6,"faktiki sıra (iş kitabı, cari qiymətlər). NƏŞRDƏ bu kod iki kodla əvəzlənib: `inv_nonoil_nonstate_nom` (cari qiymətlər) və `inv_nonoil_nonstate_real2025` (2025 sabit qiymətləri)",cari
inv_nonoil_nonstate_g,Qeyri neft-qaz qeyri-dövlət investisiyalarının real artımı,"Non-oil non-state investment, real growth",%,FR6,"Real sektor 102/103; QISA NÜMUNƏ (n=8, sınaq pəncərəsi 3-4 il) — nəticə qərar üçün istifadə olunur, ölçü isə hər yerdə göstərilir",indeks
inv_nonoil_nonstate_nom,Qeyri neft-qaz qeyri-dövlət investisiyaları (cari qiymətlərlə),Non-oil non-state investment (current prices),mln AZN,FR6,"Real sektor, sətir 102 (2018-2025, n=8 — QISA NÜMUNƏ, D5); rəyin 'yoxdur' dediyi kəsişmə budur; faktiki müşahidələr, şablon-nümunə səviyyələri VƏ bizim nominal proqnozumuz cari qiymətlərlədir. nominal proqnoz yolu investisiya deflyatoru ilə qurulub (inv_defl); əvvəlki buraxılışda nominal proqnoz sətri ÜMUMİYYƏTLƏ yox idi — investisiyanın ayrıca qiymət indeksi",cari
inv_nonoil_nonstate_real2025,Qeyri neft-qaz qeyri-dövlət investisiyaları (2025 sabit qiymətləri ilə),Non-oil non-state investment (constant 2025 prices),mln AZN,FR6,"Real sektor, sətir 102 (2018-2025, n=8 — QISA NÜMUNƏ, D5); rəyin 'yoxdur' dediyi kəsişmə budur; proqnoz yolu 2025 sabit qiymətləri ilədir, 2025 sətri baza ili lövbəridir",sabit-2025
inv_nonoil_real2025,Qeyri neft-qaz sektoruna investisiyalar (2025 sabit qiymətləri ilə),Investment in non-oil sectors (constant 2025 prices),mln AZN,FR6,"8 vərəq, 2.4.1.5.-7.; neft-qaz komponenti artıq SABİT PAY deyil: yarışın ansamblı daşıyır (struktur sürücülər qapıdan keçmədi, sabit pay isə RW-ni üstələmədi); qeyri-neft qalıqdır; proqnoz yolu 2025 sabit qiymətləri ilədir, 2025 sətri baza ili lövbəridir",sabit-2025
inv_nonoil_state,Qeyri neft-qaz dövlət investisiyaları,Non-oil state investment,mln AZN,FR6,"faktiki sıra (iş kitabı, cari qiymətlər). NƏŞRDƏ bu kod iki kodla əvəzlənib: `inv_nonoil_state_nom` (cari qiymətlər) və `inv_nonoil_state_real2025` (2025 sabit qiymətləri)",cari
inv_nonoil_state_g,Qeyri neft-qaz dövlət investisiyalarının real artımı,"Non-oil state investment, real growth",%,FR6,"Real sektor 102/103; EYNİLİK QALIĞI — qeyri-neft cəmi mənfi qeyri-dövlət ayağı; öz tənliyi və öz sınağı YOXDUR, dəqiqliyi onu təşkil edən iki sıradan gəlir",indeks
inv_nonoil_state_nom,Qeyri neft-qaz dövlət investisiyaları (cari qiymətlərlə),Non-oil state investment (current prices),mln AZN,FR6,"EYNİLİK: Real sektor sətir 84 − sətir 102 (2018-2025, n=8); 2025: 15 886,5 − 5 422,5 = 10 464,0; faktiki müşahidələr, şablon-nümunə səviyyələri VƏ bizim nominal proqnozumuz cari qiymətlərlədir. nominal proqnoz yolu investisiya deflyatoru ilə qurulub (inv_defl); əvvəlki buraxılışda nominal proqnoz sətri ÜMUMİYYƏTLƏ yox idi — investisiyanın ayrıca qiymət indeksi",cari
inv_nonoil_state_real2025,Qeyri neft-qaz dövlət investisiyaları (2025 sabit qiymətləri ilə),Non-oil state investment (constant 2025 prices),mln AZN,FR6,"EYNİLİK: Real sektor sətir 84 − sətir 102 (2018-2025, n=8); 2025: 15 886,5 − 5 422,5 = 10 464,0; proqnoz yolu 2025 sabit qiymətləri ilədir, 2025 sətri baza ili lövbəridir",sabit-2025
inv_nonstate,Qeyri-dövlət investisiyaları,Non-state investment,mln AZN,FR6,"faktiki sıra (iş kitabı, cari qiymətlər). NƏŞRDƏ bu kod iki kodla əvəzlənib: `inv_nonstate_nom` (cari qiymətlər) və `inv_nonstate_real2025` (2025 sabit qiymətləri)",cari
inv_nonstate_g,Qeyri-dövlət investisiyalarının real artım tempi,Non-state investment real growth,%,FR6,"Real sektor, sətir 101; qalıq (cəmi − dövlət); dövlət komponenti artıq SABİT PAY deyil: dövlət investisiyası ansamblı (büdcə capex tənliyi + v2 pay qaydası + dinamik etalonlar), çəkilər geriyə sınaqdan; qeyri-dövlət qalıqdır",indeks
inv_nonstate_nom,Qeyri-dövlət investisiyaları (cari qiymətlərlə),Non-state investment (current prices),mln AZN,FR6,"8 vərəq, 2.4.1.5.-7.; dövlət komponenti artıq SABİT PAY deyil: dövlət investisiyası ansamblı (büdcə capex tənliyi + v2 pay qaydası + dinamik etalonlar), çəkilər geriyə sınaqdan; qeyri-dövlət qalıqdır; faktiki müşahidələr, şablon-nümunə səviyyələri VƏ bizim nominal proqnozumuz cari qiymətlərlədir. nominal proqnoz yolu investisiya deflyatoru ilə qurulub (inv_defl); əvvəlki buraxılışda nominal proqnoz sətri ÜMUMİYYƏTLƏ yox idi — investisiyanın ayrıca qiymət indeksi",cari
inv_nonstate_real2025,Qeyri-dövlət investisiyaları (2025 sabit qiymətləri ilə),Non-state investment (constant 2025 prices),mln AZN,FR6,"8 vərəq, 2.4.1.5.-7.; dövlət komponenti artıq SABİT PAY deyil: dövlət investisiyası ansamblı (büdcə capex tənliyi + v2 pay qaydası + dinamik etalonlar), çəkilər geriyə sınaqdan; qeyri-dövlət qalıqdır; proqnoz yolu 2025 sabit qiymətləri ilədir, 2025 sətri baza ili lövbəridir",sabit-2025
inv_oil,Neft-qaz sektoruna investisiyalar,Investment in oil and gas sector,mln AZN,FR6,"faktiki sıra (iş kitabı, cari qiymətlər). NƏŞRDƏ bu kod iki kodla əvəzlənib: `inv_oil_nom` (cari qiymətlər) və `inv_oil_real2025` (2025 sabit qiymətləri)",cari
inv_oil_g,Neft-qaz sektoruna investisiyaların real artım tempi,"Investment in oil and gas sector, real growth",%,FR6,"Real sektor, sətir 82/83; neft-qaz komponenti artıq SABİT PAY deyil: yarışın ansamblı daşıyır (struktur sürücülər qapıdan keçmədi, sabit pay isə RW-ni üstələmədi); qeyri-neft qalıqdır DİNAMİKLİK 0.082: ETALON ilə daşınan yol — struktur namizədlər nümunədən kənar sınaqda təsadüfi gəzişməni üstələmədi, ona görə D4 qaydasına əsasən mərkəzi yolu etalon daşıyır və yol konstruksiya etibarilə hamardır; mərkəzi yolu daşıyan ansambl: AR1 1.00; heç bir struktur sürücü qapıdan keçmədiyi üçün yol dinamik etalonlarla qurulur; uduzan yarış `validation_backtest.csv`-də `inv_oil_g` sətirlərindədir (NEFT_BRENT / NEFT_QIYMET / NEFT_HACM / V2_PAY3 namizədləri).",indeks
inv_oil_nom,Neft-qaz sektoruna investisiyalar (cari qiymətlərlə),Investment in oil and gas sector (current prices),mln AZN,FR6,"8 vərəq, 2.4.1.5.-7.; neft-qaz komponenti artıq SABİT PAY deyil: yarışın ansamblı daşıyır (struktur sürücülər qapıdan keçmədi, sabit pay isə RW-ni üstələmədi); qeyri-neft qalıqdır; faktiki müşahidələr, şablon-nümunə səviyyələri VƏ bizim nominal proqnozumuz cari qiymətlərlədir. nominal proqnoz yolu investisiya deflyatoru ilə qurulub (inv_defl); əvvəlki buraxılışda nominal proqnoz sətri ÜMUMİYYƏTLƏ yox idi — investisiyanın ayrıca qiymət indeksi",cari
inv_oil_real2025,Neft-qaz sektoruna investisiyalar (2025 sabit qiymətləri ilə),Investment in oil and gas sector (constant 2025 prices),mln AZN,FR6,"8 vərəq, 2.4.1.5.-7.; neft-qaz komponenti artıq SABİT PAY deyil: yarışın ansamblı daşıyır (struktur sürücülər qapıdan keçmədi, sabit pay isə RW-ni üstələmədi); qeyri-neft qalıqdır; proqnoz yolu 2025 sabit qiymətləri ilədir, 2025 sətri baza ili lövbəridir",sabit-2025
inv_state,Dövlət investisiyaları,State investment,mln AZN,FR6,"faktiki sıra (iş kitabı, cari qiymətlər). NƏŞRDƏ bu kod iki kodla əvəzlənib: `inv_state_nom` (cari qiymətlər) və `inv_state_real2025` (2025 sabit qiymətləri)",cari
inv_state_g,Dövlət investisiyalarının real artım tempi,State investment real growth,%,FR6,"Real sektor, sətir 99; dövlət komponenti artıq SABİT PAY deyil: dövlət investisiyası ansamblı (büdcə capex tənliyi + v2 pay qaydası + dinamik etalonlar), çəkilər geriyə sınaqdan; qeyri-dövlət qalıqdır. DİNAMİKLİK 0.073: ekzogen yolla şərtlənən sıra — dəyişkənlik `assumptions.csv`-də nəşr olunan xarici girişdən (hasilat/büdcə planı, layihə bazası və ya sürücü açarı) gəlir, modelin özündən deyil; şərti orta proqnoz onu şərtləndirən yoldan daha dəyişkən ola bilməz; mərkəzi yolu daşıyan ansambl: DEVQ_D15 0.18, V2_PAY3 0.55, ORTA5 0.27; sürücü DƏVQ-in real artımıdır və onun proqnoz yolu -14.34-11.24 % (25.58 f.b.) aralığındadır (2026 rəsmi plandan, 2027-2030 profil sınağından).",indeks
inv_state_nom,Dövlət investisiyaları (cari qiymətlərlə),State investment (current prices),mln AZN,FR6,"8 vərəq, 2.4.1.5.-7.; dövlət komponenti artıq SABİT PAY deyil: dövlət investisiyası ansamblı (büdcə capex tənliyi + v2 pay qaydası + dinamik etalonlar), çəkilər geriyə sınaqdan; qeyri-dövlət qalıqdır; faktiki müşahidələr, şablon-nümunə səviyyələri VƏ bizim nominal proqnozumuz cari qiymətlərlədir. nominal proqnoz yolu investisiya deflyatoru ilə qurulub (inv_defl); əvvəlki buraxılışda nominal proqnoz sətri ÜMUMİYYƏTLƏ yox idi — investisiyanın ayrıca qiymət indeksi",cari
inv_state_real2025,Dövlət investisiyaları (2025 sabit qiymətləri ilə),State investment (constant 2025 prices),mln AZN,FR6,"8 vərəq, 2.4.1.5.-7.; dövlət komponenti artıq SABİT PAY deyil: dövlət investisiyası ansamblı (büdcə capex tənliyi + v2 pay qaydası + dinamik etalonlar), çəkilər geriyə sınaqdan; qeyri-dövlət qalıqdır; proqnoz yolu 2025 sabit qiymətləri ilədir, 2025 sətri baza ili lövbəridir",sabit-2025
inv_total,Əsas kapitala cəmi investisiyalar,Total fixed capital investment,mln AZN,FR6,"faktiki sıra (iş kitabı, cari qiymətlər). NƏŞRDƏ bu kod iki kodla əvəzlənib: `inv_total_nom` (cari qiymətlər) və `inv_total_real2025` (2025 sabit qiymətləri)",cari
inv_total_g,Əsas kapitala investisiyaların real artım tempi,Fixed capital investment real growth,%,FR6,"8 vərəq, 2.4.1.5.-7.; proqnoz = FR01 nüvəsinin g_inv_core yolu, düzəlişsiz. DİNAMİKLİK 0.052: ekzogen yolla şərtlənən sıra — dəyişkənlik `assumptions.csv`-də nəşr olunan xarici girişdən (hasilat/büdcə planı, layihə bazası və ya sürücü açarı) gəlir, modelin özündən deyil; şərti orta proqnoz onu şərtləndirən yoldan daha dəyişkən ola bilməz; mərkəzi yol FR01 nüvəsinin g_inv_core həllidir; nüvənin sürücüsü real pul kütləsinin profilidir və onun proqnoz yolu 6.23-6.24 % (0.01 f.b.) aralığındadır.",indeks
inv_total_nom,Əsas kapitala cəmi investisiyalar (cari qiymətlərlə),Total fixed capital investment (current prices),mln AZN,FR6,"8 vərəq, 2.4.1.5.-7.; törənmiş — cəmi = FR01 nüvəsinin yolu (g_inv_core), xarici komponent EKZOGEN fərziyyədir (inv_foreign_realg); faktiki müşahidələr, şablon-nümunə səviyyələri VƏ bizim nominal proqnozumuz cari qiymətlərlədir. nominal proqnoz yolu investisiya deflyatoru ilə qurulub (inv_defl); əvvəlki buraxılışda nominal proqnoz sətri ÜMUMİYYƏTLƏ yox idi — investisiyanın ayrıca qiymət indeksi",cari
inv_total_real2025,Əsas kapitala cəmi investisiyalar (2025 sabit qiymətləri ilə),Total fixed capital investment (constant 2025 prices),mln AZN,FR6,"8 vərəq, 2.4.1.5.-7.; törənmiş — cəmi = FR01 nüvəsinin yolu (g_inv_core), xarici komponent EKZOGEN fərziyyədir (inv_foreign_realg); proqnoz yolu 2025 sabit qiymətləri ilədir, 2025 sətri baza ili lövbəridir",sabit-2025
labour_force,İqtisadi fəal əhalinin sayı,Labour force,min nəfər,FR8,Sosial sektor,natural
net_taxes,Məhsula və idxala xalis vergilər,Net taxes on products and imports,mln AZN,FR3,"8 vərəq, 2.4.1.3.",cari
net_taxes_g,Məhsula və idxala xalis vergilərin real artım tempi,Net taxes real growth,%,FR3,"8 vərəq, 2.4.1.3.",indeks
net_taxes_nonoil,Məhsula və idxala xalis vergilər — qeyri neft-qaz bloku,Net taxes on products — non-oil block,mln AZN,FR2,"Real sektor, sətirlər 43-44 + blok səviyyələri; faktiki illərdə bölgü MÜŞAHİDƏDİR (XV_neft = neft-qaz ÜDM-i − mədənçıxarmanın əlavə dəyəri), proqnozda φ neft-qaz əlavə dəyər payının gecikmiş dəyəri ilə dəyişir (φ(2025) = 0.2967); kalibrləmə, qiymətləndirilmiş əmsal deyil. DVX dolayı vergi payı (5 il) lövbər kimi çap olunur.",cari
net_taxes_oil,Məhsula və idxala xalis vergilər — neft-qaz bloku,Net taxes on products — oil and gas block,mln AZN,FR2,"Real sektor, sətirlər 43-44 + blok səviyyələri; faktiki illərdə bölgü MÜŞAHİDƏDİR (XV_neft = neft-qaz ÜDM-i − mədənçıxarmanın əlavə dəyəri), proqnozda φ neft-qaz əlavə dəyər payının gecikmiş dəyəri ilə dəyişir (φ(2025) = 0.2967); kalibrləmə, qiymətləndirilmiş əmsal deyil. DVX dolayı vergi payı (5 il) lövbər kimi çap olunur.",cari
net_taxes_phi,Xalis vergilərin neft-qaz blokuna düşən payı (φ),Oil-gas share of net taxes,pay,FR2,"Real sektor, sətirlər 43-44 + blok səviyyələri; faktiki illərdə bölgü MÜŞAHİDƏDİR (XV_neft = neft-qaz ÜDM-i − mədənçıxarmanın əlavə dəyəri), proqnozda φ neft-qaz əlavə dəyər payının gecikmiş dəyəri ilə dəyişir (φ(2025) = 0.2967); kalibrləmə, qiymətləndirilmiş əmsal deyil. DVX dolayı vergi payı (5 il) lövbər kimi çap olunur.",indeks
nonoil_base_balance_sb,Dövlət büdcəsi üzrə qeyri-neft balansı,State budget non-oil balance,mln AZN,FR6,fiscal_r008 − fiscal_r016. dövlət büdcəsi üzrə qeyri-neft balansı / qeyri-neft ÜDM (icmal büdcə perimetri və rəsmi 'baza' düzəlişi təqdim olunduqdan sonra yenilənəcək) İcmal perimetri əsas iş kitabında YOXDUR (S2 §4c); Nazirliyin nümunə faylının icmal sırası yalnız çarpaz yoxlamadır.,cari
nonoil_base_ratio_sb,Dövlət büdcəsi üzrə qeyri-neft balansı / qeyri-neft ÜDM,"State budget non-oil balance, % of non-oil GDP",%,FR6,(fiscal_r008 − fiscal_r016) / real_r005. dövlət büdcəsi üzrə qeyri-neft balansı / qeyri-neft ÜDM (icmal büdcə perimetri və rəsmi 'baza' düzəlişi təqdim olunduqdan sonra yenilənəcək),indeks
nonoil_ca_fr12,Qeyri-neft cari hesabı (FR12 sadə tərifi: CA − neft-qaz ticarət balansı),Non-oil current account (FR12 simple definition: CA − oil trade balance),mln USD,FR12,"8 vərəq, 2.4.1.13.-14.",cari
nonoil_ca_gdp_ratio,Qeyri-neft cari hesabının ÜDM-də payı (sadə tərif),"Non-oil current account, % of GDP (simple definition)",%,FR12,"8 vərəq, 2.4.1.13.-14.",indeks
nonoil_coverage_ratio,Qeyri-neft örtmə əmsalı (ixrac/idxal),Non-oil export/import coverage ratio,%,FR11,"8 vərəq, 2.4.1.13.-14.",indeks
nonoil_current_account,Qeyri neft-qaz cari əməliyyatlar hesabı,Non-oil current account,mln USD,FR12,Tədiyyə Balansı,cari
nonoil_defl,Qeyri neft-qaz sektorunun deflyatoru,Non-oil-gas deflator,%,FR1,"8 vərəq, 2.4.1.1. DİNAMİKLİK 0.069: qiymət blokunun sırası — yol İQİ hədəf yoluna və/və ya Brent-in şərti orta yoluna bağlıdır; sabit qiymət prosesi üzərində şərti ortanın az dəyişkən olması qüsur deyil, məhz DÜZGÜN davranışdır; deflyator yolu İQİ yolu ilə şərtlənir; İQİ-nin öz yolu hədəfə yığılan hamar sıradır",indeks
nonoil_export_country_count,Qeyri-neft-qaz ixracının yönəldiyi ölkələrin sayı,Qeyri-neft-qaz ixracının yönəldiyi ölkələrin sayı,ədəd,FR11,Ticarət (əsas iş kitabı),natural
nonoil_export_product_count,İxrac olunan məhsul çeşidlərinin sayı (qeyri-neft-qaz),İxrac olunan məhsul çeşidlərinin sayı (qeyri-neft-qaz),ədəd,FR11,Ticarət (əsas iş kitabı),natural
nonoil_export_top10_share,Top-10 məhsulun qeyri-neft-qaz ixracında payı,Top-10 məhsulun qeyri-neft-qaz ixracında payı,%,FR11,Ticarət (əsas iş kitabı),indeks
nonoil_export_top10country_share,Qeyri-neft-qaz ixracında top-10 ölkənin payı,Qeyri-neft-qaz ixracında top-10 ölkənin payı,%,FR11,Ticarət (əsas iş kitabı),indeks
nonoil_export_top10exporter_share,Qeyri-neft-qaz ixracında top-10 ixracatçının payı,Qeyri-neft-qaz ixracında top-10 ixracatçının payı,%,FR11,Ticarət (əsas iş kitabı),indeks
nonoil_export_top15country_share,Qeyri-neft-qaz ixracında top-15 ölkənin payı,Qeyri-neft-qaz ixracında top-15 ölkənin payı,%,FR11,Ticarət (əsas iş kitabı),indeks
nonoil_export_top20_share,Top-20 məhsulun qeyri-neft-qaz ixracında payı,Top-20 məhsulun qeyri-neft-qaz ixracında payı,%,FR11,Ticarət (əsas iş kitabı),indeks
nonoil_export_top20exporter_share,Qeyri-neft-qaz ixracında top-20 ixracatçının payı,Qeyri-neft-qaz ixracında top-20 ixracatçının payı,%,FR11,Ticarət (əsas iş kitabı),indeks
nonoil_export_top2country_share,Qeyri-neft-qaz ixracında top-2 ölkənin payı,Qeyri-neft-qaz ixracında top-2 ölkənin payı,%,FR11,Ticarət (əsas iş kitabı),indeks
nonoil_export_top30_share,Top-30 məhsulun qeyri-neft-qaz ixracında payı,Top-30 məhsulun qeyri-neft-qaz ixracında payı,%,FR11,Ticarət (əsas iş kitabı),indeks
nonoil_export_top30exporter_share,Qeyri-neft-qaz ixracında top-30 ixracatçının payı,Qeyri-neft-qaz ixracında top-30 ixracatçının payı,%,FR11,Ticarət (əsas iş kitabı),indeks
nonoil_export_top5country_share,Qeyri-neft-qaz ixracında top-5 ölkənin payı,Qeyri-neft-qaz ixracında top-5 ölkənin payı,%,FR11,Ticarət (əsas iş kitabı),indeks
nonoil_nom,Qeyri neft-qaz sektoru ÜDM-i,Non-oil-gas GDP,mln AZN,FR1,"8 vərəq, 2.4.1.1.",cari
nonoil_realg,Qeyri neft-qaz sektorunun real artım tempi,Non-oil-gas real growth,%,FR1,"8 vərəq, 2.4.1.1. DİNAMİKLİK 0.036: ekzogen yolla şərtlənən sıra — dəyişkənlik `assumptions.csv`-də nəşr olunan xarici girişdən (hasilat/büdcə planı, layihə bazası və ya sürücü açarı) gəlir, modelin özündən deyil; şərti orta proqnoz onu şərtləndirən yoldan daha dəyişkən ola bilməz; baş göstərici FR02-nin sahə tənliklərinin cəmidir; sahə sürücülərinin yolları hamar olduğu üçün aqreqatın dəyişkənliyi də məhduddur — sahə-sahə səbəb FR02, Bölmə 7.8-də",indeks
nonoil_realg_demand,Qeyri neft-qaz ÜDM-in real artımı — tələb nüvəsinin oxunuşu,"Non-oil GDP real growth, demand-core reading",%,FR1,"FR01 simultan nüvəsi (DİAQNOSTİK — baş göstərici DEYİL, istehsal metoduna keçiddən sonra baş göstərici FR02-nin aqreqatıdır); fərziyyə açarı: nonoil_realg_demand DİNAMİKLİK 0.025: ekzogen yolla şərtlənən sıra — dəyişkənlik `assumptions.csv`-də nəşr olunan xarici girişdən (hasilat/büdcə planı, layihə bazası və ya sürücü açarı) gəlir, modelin özündən deyil; şərti orta proqnoz onu şərtləndirən yoldan daha dəyişkən ola bilməz; tələb nüvəsi üç aqreqat sürücü ilə şərtlənir (investisiya, istehlak, tərəfdaş artımı) və nüvə xətti olduğu üçün girişlərin hamarlığı çıxışa keçir",indeks
nonoil_share,Qeyri neft-qaz sektorunun ÜDM-də payı,Non-oil-gas share in GDP,%,FR1,"8 vərəq, 2.4.1.1.",indeks
nonoil_trade_balance,Qeyri-neft ticarət balansı,Non-oil trade balance,mln USD,FR11,"8 vərəq, 2.4.1.13.-14.",cari
oil_bonus,Neft bonusu,Oil bonus,mln USD,FR12,"8 vərəq, 2.4.1.13.-14.",cari
oil_defl,Neft-qaz sektorunun deflyatoru,Oil and gas deflator,%,FR1,"8 vərəq, 2.4.1.1. DİNAMİKLİK 0.012: qiymət blokunun sırası — yol İQİ hədəf yoluna və/və ya Brent-in şərti orta yoluna bağlıdır; sabit qiymət prosesi üzərində şərti ortanın az dəyişkən olması qüsur deyil, məhz DÜZGÜN davranışdır; tarixi σ 34 f.b.-dir (2015-2016 və 2020 qiymət şokları); şərti orta proqnoz belə şokları ehtiva etmir, ona görə nisbət konstruksiya etibarilə kiçikdir",indeks
oil_export_price,Neftin ixrac qiyməti,Crude oil export price,USD/barel,FR5,Neft-Qaz sektoru,cari
oil_export_price_fr7,Neftin ixrac qiyməti — FR7 tənliyinin proqnozu,"Oil export price, FR7 equation forecast",USD/barel,FR7,"Neft-Qaz sektoru, sətir 10",cari
oil_nom,Neft-qaz sektoru ÜDM-i,Oil and gas sector GDP,mln AZN,FR1,"8 vərəq, 2.4.1.1.",cari
oil_realg,Neft-qaz sektorunun real artım tempi,Oil and gas real growth,%,FR1,"8 vərəq, 2.4.1.1. DİNAMİKLİK 0.876: ekzogen yolla şərtlənən sıra — dəyişkənlik `assumptions.csv`-də nəşr olunan xarici girişdən (hasilat/büdcə planı, layihə bazası və ya sürücü açarı) gəlir, modelin özündən deyil; şərti orta proqnoz onu şərtləndirən yoldan daha dəyişkən ola bilməz; yol FR05b-nin həcm × qiymət konstruksiyasından gəlir; həcm yolu Nazirliyin hasilat planıdır və plan illər üzrə əhəmiyyətli dəyişdiyi üçün göstərici daxili aralıqdadır",indeks
oil_share,Neft-qaz sektorunun ÜDM-də payı,Oil and gas share in GDP,%,FR1,"8 vərəq, 2.4.1.1.",indeks
oil_trade_balance,Neft-qaz ticarət balansı,Oil and gas trade balance,mln USD,FR11,"8 vərəq, 2.4.1.13.-14.",cari
oilgas_go_nom,Neft-qaz hasilatı üzrə buraxılış (qurulmuş),Oil-gas extraction gross output (constructed),mln AZN,FR5B,"Neft-Qaz sektoru / Mədənçıxarma; QURULMUŞ kəmiyyət, müşahidə DEYİL: dörd ayağın (neft/qaz × ixrac/daxili) həcm × qiymət cəmi. `Mədənçıxarma` vərəqinin müşahidə olunan buraxılış sətri (`mine_r008`, 2016-2025) ilə fərqi ölçülüb: orta |fərq| 6,5 %, maksimal 22,3 % (2023). Tarixi sətirlər `kind=actual` etiketi daşıyır, çünki sıra bütün illərdə EYNİ konstruksiya ilə qurulur (2025/2026 sərhədində qırılma olmasın deyə); müşahidə sırası bu koda YAZILMIR.",cari
oilgas_p_gas_exp,Qazın ixrac qiyməti,Gas export price,USD/min m³,FR5B,Neft-Qaz sektoru / Mədənçıxarma,cari
oilgas_p_oil_exp,Neftin ixrac qiyməti,Crude oil export price,USD/barel,FR5B,Neft-Qaz sektoru / Mədənçıxarma,cari
oilgas_pw_g,Çəkilənmiş neft-qaz ixrac qiyməti indeksinin artımı,"Value-weighted oil-gas export price index, growth",%,FR5B,Neft-Qaz sektoru / Mədənçıxarma,indeks
oilgas_q_gas_dom,Qazın daxili bazara verilməsi,Gas delivered to the domestic market,mlrd m³,FR5B,Neft-Qaz sektoru / Mədənçıxarma,natural
oilgas_q_gas_exp,Qaz ixracı — həcm,"Gas exports, volume",mlrd m³,FR5B,Neft-Qaz sektoru / Mədənçıxarma,natural
oilgas_q_gas_mkt,Əmtəəlik qaz hasilatı,Marketable natural gas output,mlrd m³,FR5B,Neft-Qaz sektoru / Mədənçıxarma,natural
oilgas_q_oil_dom,Neftin daxili bazara verilməsi,Crude oil delivered to the domestic market,mln ton,FR5B,Neft-Qaz sektoru / Mədənçıxarma,natural
oilgas_q_oil_exp,Neft ixracı — həcm,"Crude oil exports, volume",mln ton,FR5B,Neft-Qaz sektoru / Mədənçıxarma,natural
oilgas_q_oil_mkt,Əmtəəlik neft hasilatı,Marketable crude oil output,mln ton,FR5B,Neft-Qaz sektoru / Mədənçıxarma,natural
oilgas_realg,Neft-qaz sektorunun real artımı — neft-qaz blokundan,"Oil-gas sector real growth, from the oil-gas block",%,FR5B,"8 vərəq, 2.4.1.1.",indeks
oilgas_va_nom,Neft-qaz hasilatı üzrə əlavə dəyər (qurulmuş),Oil-gas extraction value added (constructed),mln AZN,FR5B,"Neft-Qaz sektoru / Mədənçıxarma; QURULMUŞ kəmiyyət, müşahidə DEYİL: qurulmuş buraxılış × ρ. Müşahidə olunan `mine_r009` ilə fərq buraxılışınkı ilə eynidir (orta 6,5 %, maksimal 22,3 %). ρ müşahidə pəncərəsində interpolyasiya olunur, proqnoz sabiti yalnız üfüqdə tətbiq edilir.",cari
oilgas_volg,Neft-qaz əmtəəlik həcm indeksinin artımı,"Oil-gas marketable volume index, growth",%,FR5B,Neft-Qaz sektoru / Mədənçıxarma,indeks
oilgas_volg_hi5,Həcm indeksinin artımı — plan həcmləri 5 % yuxarı (həssaslıq),Volume index growth — plan volumes 5% higher (sensitivity),%,FR5B,Neft-Qaz sektoru / Mədənçıxarma,indeks
oilgas_volg_lo5,Həcm indeksinin artımı — plan həcmləri 5 % aşağı (həssaslıq),Volume index growth — plan volumes 5% lower (sensitivity),%,FR5B,Neft-Qaz sektoru / Mədənçıxarma,indeks
oilgas_w_gas_exp,Qazın neft-qaz ixrac dəyərindəki payı,Gas share of oil-gas export value,%,FR5B,Neft-Qaz sektoru / Mədənçıxarma,indeks
other_inv_net,"Digər investisiyalar, xalis","Other investment, net",mln USD,FR12,"8 vərəq, 2.4.1.13.-14.",cari
paid_services,Əhaliyə göstərilən ödənişli xidmətlər,Paid services to population,mln AZN,FR8,"8 vərəq, 2.4.1.5.-7.",cari
paid_services_g,Ödənişli xidmətlərin real artım tempi,Paid services real growth,%,FR8,"8 vərəq, 2.4.1.5.-7.",indeks
partner_gdp_realg,Tərəfdaş ölkələrin ÜDM artımı,Partner country GDP growth,%,FR7,external_block_annual.csv,indeks
pi_brut_ferq,Brüt yığım ilə nəşr olunan xalis ilkin gəlir arasındakı fərq,Gross build-up minus published net,mln USD,FR11,Ticarət (əsas iş kitabı),cari
pi_credit,İlkin gəlirlər — daxilolmalar (brüt),Primary income — credits (gross),mln USD,FR11,Ticarət (əsas iş kitabı),cari
pi_credit_nonoil,İlkin gəlir daxilolmaları — qeyri neft-qaz,Primary income credits — non-oil,mln USD,FR11,Ticarət (əsas iş kitabı),cari
pi_credit_nonoil_di,"İlkin gəlir daxilolmaları — qeyri neft-qaz, birbaşa investisiya","Primary income credits — non-oil, direct investment",mln USD,FR11,Ticarət (əsas iş kitabı),cari
pi_credit_nonoil_oth,"İlkin gəlir daxilolmaları — qeyri neft-qaz, digər","Primary income credits — non-oil, other",mln USD,FR11,Ticarət (əsas iş kitabı),cari
pi_credit_nonoil_pf,"İlkin gəlir daxilolmaları — qeyri neft-qaz, portfel","Primary income credits — non-oil, portfolio",mln USD,FR11,Ticarət (əsas iş kitabı),cari
pi_credit_oil,İlkin gəlir daxilolmaları — neft-qaz,Primary income credits — oil and gas,mln USD,FR11,Ticarət (əsas iş kitabı),cari
pi_credit_oil_di,"İlkin gəlir daxilolmaları — neft-qaz, birbaşa investisiya","Primary income credits — oil and gas, direct investment",mln USD,FR11,Ticarət (əsas iş kitabı),cari
pi_credit_oil_oth,"İlkin gəlir daxilolmaları — neft-qaz, digər","Primary income credits — oil and gas, other",mln USD,FR11,Ticarət (əsas iş kitabı),cari
pi_credit_oil_pf,"İlkin gəlir daxilolmaları — neft-qaz, portfel","Primary income credits — oil and gas, portfolio",mln USD,FR11,Ticarət (əsas iş kitabı),cari
pi_debit,İlkin gəlirlər — ödənişlər (brüt),Primary income — debits (gross),mln USD,FR11,Ticarət (əsas iş kitabı),cari
pi_debit_nonoil,İlkin gəlir ödənişləri — qeyri neft-qaz,Primary income debits — non-oil,mln USD,FR11,Ticarət (əsas iş kitabı),cari
pi_debit_nonoil_di,"İlkin gəlir ödənişləri — qeyri neft-qaz, birbaşa investisiya","Primary income debits — non-oil, direct investment",mln USD,FR11,Ticarət (əsas iş kitabı),cari
pi_debit_nonoil_oth,"İlkin gəlir ödənişləri — qeyri neft-qaz, digər","Primary income debits — non-oil, other",mln USD,FR11,Ticarət (əsas iş kitabı),cari
pi_debit_nonoil_pf,"İlkin gəlir ödənişləri — qeyri neft-qaz, portfel","Primary income debits — non-oil, portfolio",mln USD,FR11,Ticarət (əsas iş kitabı),cari
pi_debit_oil,İlkin gəlir ödənişləri — neft-qaz,Primary income debits — oil and gas,mln USD,FR11,Ticarət (əsas iş kitabı),cari
pi_debit_oil_di,"İlkin gəlir ödənişləri — neft-qaz, birbaşa investisiya gəlirləri","Primary income debits — oil and gas, direct investment income",mln USD,FR11,Ticarət (əsas iş kitabı),cari
pi_debit_oil_oth,"İlkin gəlir ödənişləri — neft-qaz, digər","Primary income debits — oil and gas, other",mln USD,FR11,Ticarət (əsas iş kitabı),cari
pi_debit_oil_pf,"İlkin gəlir ödənişləri — neft-qaz, portfel","Primary income debits — oil and gas, portfolio",mln USD,FR11,Ticarət (əsas iş kitabı),cari
pop_avg,Əhalinin orta illik sayı,"Population, annual average",min nəfər,FR1,"8 vərəq, 2.4.1.1.",natural
pop_total,Əhalinin sayı (dövrün sonuna),"Population, end of period",min nəfər,FR1,"8 vərəq, 2.4.1.1.",natural
portfolio_net,"Portfel investisiyaları, xalis","Portfolio investment, net",mln USD,FR12,"8 vərəq, 2.4.1.13.-14.",cari
primary_income,"İlkin gəlirlər, xalis","Primary income, net",mln USD,FR12,"8 vərəq, 2.4.1.13.-14. DİNAMİKLİK 0.188: ekzogen yolla şərtlənən sıra — dəyişkənlik `assumptions.csv`-də nəşr olunan xarici girişdən (hasilat/büdcə planı, layihə bazası və ya sürücü açarı) gəlir, modelin özündən deyil; şərti orta proqnoz onu şərtləndirən yoldan daha dəyişkən ola bilməz; yol neft-qaz ixracının dəyəri ilə şərtlənir; onun öz yolu hamardır",cari
primary_income_nonoil,"İlkin gəlirlər, xalis — qeyri neft-qaz","Primary income, net — non-oil",mln USD,FR11,Ticarət (əsas iş kitabı),cari
primary_income_oil,"İlkin gəlirlər, xalis — neft-qaz","Primary income, net — oil and gas",mln USD,FR11,Ticarət (əsas iş kitabı),cari
private_gdp_nom,Özəl sektorun ÜDM-i,Private sector GDP,mln AZN,FR1,"8 vərəq, 2.4.1.1.",cari
private_share_gdp,Özəl sektorun ÜDM-də payı,Private sector share in GDP,%,FR1,Real sektor,indeks
private_share_nonoil,Özəl sektorun qeyri neft-qaz ÜDM-də payı,Private sector share in non-oil GDP,%,FR1,Real sektor,indeks
remit_credit,Fiziki şəxslərin pul baratları — daxilolmalar,Personal remittances — credit,mln USD,FR11,"MOE BOP `Income account` sətir 74 (1996–2024, YALNIZ faktiki sütunlar) + AMB NSDP `BOP Analytical` sətir 48 (2025); `si_credit` brüt axınının BARAT namizəd modelinin bazası",cari
remit_debit,Fərdlərin pul köçürmələri — ödənişlər,Personal remittances — debit,mln USD,FR11,"MOE BOP `Income account` sətir 83 (1996–2024) + AMB NSDP (2025, eyniliklə: daxilolma − xalis); `si_debit` axınının BARAT_SÜRÜŞMƏ modelinin bazası — yarışın QALİBİ",cari
repatriasiya_namizedi,"Repatriasiya — MÜVƏQQƏTİ oxunuş: xarici investorların neft-qaz sektoru üzrə birbaşa investisiya gəlirləri (ilkin gəlir ödənişləri, sətir 70); tərif təsdiqi gözlənilir","Repatriation — provisional reading (direct investment income within primary income payments, row 70)",mln USD,FR11,Ticarət (əsas iş kitabı),cari
reserve_assets,Ehtiyat aktivləri (BPM6 bağlanışından törədilib; mənfi = ehtiyatların artması),Reserve assets (derived from the BPM6 closure; negative = accumulation),mln USD,FR12,"8 vərəq, 2.4.1.13.-14.",cari
reserve_assets_moe,"Ehtiyat aktivləri — Nazirliyin öz iş kitabı (MOE BOP `BOP` r57, çarpaz yoxlama, ≤2024)","Reserve assets — Ministry workbook (cross-check, <=2024)",mln USD,FR12,"8 vərəq, 2.4.1.13.-14.",cari
secondary_income,"Təkrar gəlirlər, xalis","Secondary income, net",mln USD,FR12,"8 vərəq, 2.4.1.13.-14. DİNAMİKLİK 0.006: ETALON ilə daşınan yol — struktur namizədlər nümunədən kənar sınaqda təsadüfi gəzişməni üstələmədi, ona görə D4 qaydasına əsasən mərkəzi yolu etalon daşıyır və yol konstruksiya etibarilə hamardır; sıra üçün struktur sürücü tapılmayıb; mərkəzi yol profil sınağının nəticəsidir; yarış `validation_backtest.csv`-də `secondary_income` sətirlərindədir (ORTA / RW namizədləri)",cari
services_balance,Xidmətlər balansı,Services balance,mln USD,FR12,"8 vərəq, 2.4.1.13.-14.",cari
si_brut_ferq,Brüt yığım ilə nəşr olunan xalis təkrar gəlir arasındakı fərq,Gross build-up minus published net,mln USD,FR11,Ticarət (əsas iş kitabı),cari
si_credit,Təkrar gəlirlər — daxilolmalar (brüt),Secondary income — credits (gross),mln USD,FR11,Ticarət (əsas iş kitabı),cari
si_debit,Təkrar gəlirlər — ödənişlər (brüt),Secondary income — debits (gross),mln USD,FR11,Ticarət (əsas iş kitabı),cari
state_capex,Dövlət büdcəsinin əsaslı vəsait qoyuluşu (DƏVQ),State budget capital investment,mln AZN,FR6,"fiscal_r019 (Fiskal sektor, 4 vərəq sətir 19); 2022 və 2023 illəri `DİP 2016-2026` vərəqinin 4-cü sətrindən doldurulub. 2025-ci ildə iki mənbə üst-üstə düşür (2 305,1 mln AZN), 2021 və 2024-cü illərdə isə fərqlənir — fərq gizlədilmir, `state_capex_gap()` ilə çap olunur.",cari
state_capex_dip,Dövlət əsaslı vəsait qoyuluşunun cəmi,"State capital investment, total",mln AZN,FR6,DİP 2016-2026,cari
state_capex_external_dip,Xarici kreditor qurumlarla birgə maliyyələşmə üzrə kreditlərin məbləği,External co-financing credits,mln AZN,FR6,DİP 2016-2026,cari
state_capex_infra_dip,Dövlət əsaslı vəsait qoyuluşu — infrastruktur layihələri,State capital investment — infrastructure projects,mln AZN,FR6,DİP 2016-2026,cari
state_gdp_nom,Dövlət sektorunun ÜDM-i,State sector GDP,mln AZN,FR1,"8 vərəq, 2.4.1.1.",cari
trade_balance,Xarici ticarət balansı,Trade balance,mln USD,FR12,"8 vərəq, 2.4.1.13.-14.",cari
unemployment_rate,İşsizlik səviyyəsi,Unemployment rate,%,FR8,"Sosial sektor DİNAMİKLİK 0.018: ekzogen yolla şərtlənən sıra — dəyişkənlik `assumptions.csv`-də nəşr olunan xarici girişdən (hasilat/büdcə planı, layihə bazası və ya sürücü açarı) gəlir, modelin özündən deyil; şərti orta proqnoz onu şərtləndirən yoldan daha dəyişkən ola bilməz; Okun əlaqəsi qeyri-neft artımından gəlir; səviyyə sırasının tarixi σ-sı özü də cəmi 0,6 f.b.-dir",indeks
use_absorption,Daxili absorbsiya (son istehlak + ümumi yığım),Domestic absorption (final consumption + gross capital formation),mln AZN,FR1B,DSK 27 (027en) «Gross domestic product use»; MİİS §15.5.1 icmal qeydi — tələb-təklif tarazlığı,cari
use_absorption_lambda,Mütənasib absorbsiya əmsalı λ (rədd edilmiş qapanış),Proportional absorption factor (rejected closure),əmsal,FR1B,"DSK 27 (027en) «Gross domestic product use»; MİİS §15.5.1 icmal qeydi — tələb-təklif tarazlığı; RƏDD EDİLMİŞ QAPANIŞ — nəşr olunan mərkəzi yol DEYİL; yalnız qapanma qaydasının nəticəyə təsirinin ölçülməsi üçün saxlanılır (FR01b, Bölmə 4.1).",indeks
use_balance_gap,Resurslar–istifadə fərqi (balanslaşdırmadan əvvəl),Resources-uses gap before balancing,mln AZN,FR1B,"DSK 27 (027en) «Gross domestic product use»; MİİS §15.5.1 icmal qeydi — tələb-təklif tarazlığı; FAKTİKİ illərdə DSK-nın ÖZ statistik fərqidir (27-ci cədvəl, sətir 19); PROQNOZ illərində paketin davranış bloklarından gələn resurs–istifadə fərqidir, yəni balanslaşdırmadan ƏVVƏLKİ qalıq.",cari
use_balance_gap_pct,"Resurslar–istifadə fərqi, % ÜDM","Resources-uses gap, % of GDP",%,FR1B,"DSK 27 (027en) «Gross domestic product use»; MİİS §15.5.1 icmal qeydi — tələb-təklif tarazlığı; FAKTİKİ illərdə DSK-nın ÖZ statistik fərqidir (27-ci cədvəl, sətir 19); PROQNOZ illərində paketin davranış bloklarından gələn resurs–istifadə fərqidir, yəni balanslaşdırmadan ƏVVƏLKİ qalıq.",indeks
use_cons_total,"Son istehlak xərcləri, cəmi","Final consumption expenditure, total",mln AZN,FR1B,DSK 27 (027en) «Gross domestic product use»; MİİS §15.5.1 icmal qeydi — tələb-təklif tarazlığı,cari
use_exports,Mal və xidmətlərin ixracı (P.6),Exports of goods and services (P.6),mln AZN,FR1B,DSK 27 (027en) «Gross domestic product use»; MİİS §15.5.1 icmal qeydi — tələb-təklif tarazlığı,cari
use_gcf,Ümumi yığım (P.5),Gross capital formation (P.5),mln AZN,FR1B,DSK 27 (027en) «Gross domestic product use»; MİİS §15.5.1 icmal qeydi — tələb-təklif tarazlığı,cari
use_gdp,ÜDM — istifadə (xərc) metodu ilə,GDP by expenditure (use account),mln AZN,FR1B,DSK 27 (027en) «Gross domestic product use»; MİİS §15.5.1 icmal qeydi — tələb-təklif tarazlığı,cari
use_gfcf,Əsas kapitalın ümumi yığımı (P.51) — balanslaşdırılmış,"Gross fixed capital formation (P.51), balanced",mln AZN,FR1B,"DSK 27 (027en) «Gross domestic product use»; MİİS §15.5.1 icmal qeydi — tələb-təklif tarazlığı; QAPAYICI (balanslaşdırıcı) MADDƏ: proqnoz illərində bu sıra resurslar–istifadə eyniliyinin qalığını daşıyır (qapanma qaydası — FR01b, Bölmə 4). Davranış oxunuşu ayrıca sıradadır (`use_gfcf_behavioural`), fərq isə `use_gfcf_gap`.",cari
use_gfcf_behavioural,Əsas kapital yığımının davranış oxunuşu (FR06 yolundan),"Gross fixed capital formation, behavioural reading (from FR06)",mln AZN,FR1B,"DSK 27 (027en) «Gross domestic product use»; MİİS §15.5.1 icmal qeydi — tələb-təklif tarazlığı; FR06-nın `inv_total_nom` yolundan φ körpüsü ilə törədilmiş yığım; MÜŞAHİDƏ DEYİL, qurulmuş kəmiyyətdir.",cari
use_gfcf_gap,Qapanışın qiyməti: yığımın davranış yolundan fərqi,Cost of closure: capital formation deviation from behavioural path,mln AZN,FR1B,DSK 27 (027en) «Gross domestic product use»; MİİS §15.5.1 icmal qeydi — tələb-təklif tarazlığı,cari
use_gfcf_gap_pct,"Qapanışın qiyməti, davranış yolunun %-i","Cost of closure, % of behavioural path",%,FR1B,DSK 27 (027en) «Gross domestic product use»; MİİS §15.5.1 icmal qeydi — tələb-təklif tarazlığı,indeks
use_gov_cons,Dövlətin son istehlak xərcləri (P.3+P.4),Government final consumption expenditure (P.3+P.4),mln AZN,FR1B,DSK 27 (027en) «Gross domestic product use»; MİİS §15.5.1 icmal qeydi — tələb-təklif tarazlığı,cari
use_hh_cons,Ev təsərrüfatlarının son istehlak xərcləri (P.3),Household final consumption expenditure (P.3),mln AZN,FR1B,DSK 27 (027en) «Gross domestic product use»; MİİS §15.5.1 icmal qeydi — tələb-təklif tarazlığı,cari
use_imports,Mal və xidmətlərin idxalı (P.7),Imports of goods and services (P.7),mln AZN,FR1B,DSK 27 (027en) «Gross domestic product use»; MİİS §15.5.1 icmal qeydi — tələb-təklif tarazlığı,cari
use_imports_clearing,Bazarı təmizləyən idxal (rədd edilmiş qapanış),Market-clearing imports (rejected closure),mln AZN,FR1B,"DSK 27 (027en) «Gross domestic product use»; MİİS §15.5.1 icmal qeydi — tələb-təklif tarazlığı; RƏDD EDİLMİŞ QAPANIŞ — nəşr olunan mərkəzi yol DEYİL; yalnız qapanma qaydasının nəticəyə təsirinin ölçülməsi üçün saxlanılır (FR01b, Bölmə 4.1).",cari
use_inventories,Ehtiyatların dəyişməsi (P.52),Changes in inventories (P.52),mln AZN,FR1B,DSK 27 (027en) «Gross domestic product use»; MİİS §15.5.1 icmal qeydi — tələb-təklif tarazlığı,cari
use_net_exports,Mal və xidmətlərin xalis ixracı (P.6n),Net exports of goods and services (P.6n),mln AZN,FR1B,DSK 27 (027en) «Gross domestic product use»; MİİS §15.5.1 icmal qeydi — tələb-təklif tarazlığı,cari
use_npish_cons,QHT-lərin son istehlak xərcləri (P.3),NPISH final consumption expenditure (P.3),mln AZN,FR1B,DSK 27 (027en) «Gross domestic product use»; MİİS §15.5.1 icmal qeydi — tələb-təklif tarazlığı,cari
use_resources,Məcmu resurslar (ÜDM + idxal),Total resources (GDP + imports),mln AZN,FR1B,DSK 27 (027en) «Gross domestic product use»; MİİS §15.5.1 icmal qeydi — tələb-təklif tarazlığı,cari
use_share_absorption,Daxili absorbsiyanın ÜDM-də payı,"Domestic absorption, share of GDP",%,FR1B,DSK 27 (027en) «Gross domestic product use»; MİİS §15.5.1 icmal qeydi — tələb-təklif tarazlığı,indeks
use_share_exports,İxracın ÜDM-də payı,"Exports, share of GDP",%,FR1B,DSK 27 (027en) «Gross domestic product use»; MİİS §15.5.1 icmal qeydi — tələb-təklif tarazlığı,indeks
use_share_gfcf,Əsas kapital yığımının ÜDM-də payı,"Gross fixed capital formation, share of GDP",%,FR1B,DSK 27 (027en) «Gross domestic product use»; MİİS §15.5.1 icmal qeydi — tələb-təklif tarazlığı,indeks
use_share_gov_cons,Dövlət istehlakının ÜDM-də payı,"Government consumption, share of GDP",%,FR1B,DSK 27 (027en) «Gross domestic product use»; MİİS §15.5.1 icmal qeydi — tələb-təklif tarazlığı,indeks
use_share_hh_cons,Ev təsərrüfatı istehlakının ÜDM-də payı,"Household consumption, share of GDP",%,FR1B,DSK 27 (027en) «Gross domestic product use»; MİİS §15.5.1 icmal qeydi — tələb-təklif tarazlığı,indeks
use_share_imports,İdxalın ÜDM-də payı,"Imports, share of GDP",%,FR1B,DSK 27 (027en) «Gross domestic product use»; MİİS §15.5.1 icmal qeydi — tələb-təklif tarazlığı,indeks
use_share_inventories,Ehtiyatların dəyişməsinin ÜDM-də payı,"Changes in inventories, share of GDP",%,FR1B,DSK 27 (027en) «Gross domestic product use»; MİİS §15.5.1 icmal qeydi — tələb-təklif tarazlığı,indeks
use_stat_discrepancy,Statistik fərq (istifadə hesabı),Statistical discrepancy (use account),mln AZN,FR1B,"DSK 27 (027en) «Gross domestic product use»; MİİS §15.5.1 icmal qeydi — tələb-təklif tarazlığı; FAKTİKİ illərdə DSK 27-nin öz sətri (19); PROQNOZ illərində SIFIR — qapanış qalığı statistik fərqə deyil, qapayıcı maddəyə verilir (FR01b, Bölmə 4).",cari
use_uses,Məcmu istifadə (son istehlak + yığım + ixrac),Total uses (final consumption + capital formation + exports),mln AZN,FR1B,DSK 27 (027en) «Gross domestic product use»; MİİS §15.5.1 icmal qeydi — tələb-təklif tarazlığı,cari
v4_r006_minton,Dənli və dənli paxlalılar,Cereals and pulses,min ton,FR4,"8 vərəq, 2.4.1.4., sətir 6",natural
v4_r007_minton,"o cümlədən, buğda","of which, wheat",min ton,FR4,"8 vərəq, 2.4.1.4., sətir 7",natural
v4_r008_minton,"o cümlədən, çəltik","of which, rice (paddy)",min ton,FR4,"8 vərəq, 2.4.1.4., sətir 8",natural
v4_r009_minton,Tərəvəz,Vegetables,min ton,FR4,"8 vərəq, 2.4.1.4., sətir 9",natural
v4_r010_minton,Bostan,Melons and gourds,min ton,FR4,"8 vərəq, 2.4.1.4., sətir 10",natural
v4_r011_minton,Kartof,Potatoes,min ton,FR4,"8 vərəq, 2.4.1.4., sətir 11",natural
v4_r012_minton,Pambıq,Cotton,min ton,FR4,"8 vərəq, 2.4.1.4., sətir 12",natural
v4_r013_minton,Tütün,Tobacco (raw leaf),min ton,FR4,"8 vərəq, 2.4.1.4., sətir 13",natural
v4_r014_minton,Şəkər çuğunduru,Sugar beet,min ton,FR4,"8 vərəq, 2.4.1.4., sətir 14",natural
v4_r015_minton,Dən üçün günəbaxan,Sunflower (for seed),min ton,FR4,"8 vərəq, 2.4.1.4., sətir 15",natural
v4_r016_minton,Meyvə və giləmeyvə,Fruit and berries,min ton,FR4,"8 vərəq, 2.4.1.4., sətir 16",natural
v4_r017_minton,Üzüm,Grapes,min ton,FR4,"8 vərəq, 2.4.1.4., sətir 17",natural
v4_r018_minton,Çay yarpağı,Tea leaf,min ton,FR4,"8 vərəq, 2.4.1.4., sətir 18",natural
v4_r020_minton,Ət (diri çəkidə),Meat (live weight),min ton,FR4,"8 vərəq, 2.4.1.4., sətir 20",natural
v4_r021_minton,o cümlədən mal əti,"of which, beef",min ton,FR4,"8 vərəq, 2.4.1.4., sətir 21",natural
v4_r022_minton,o cümlədən qoyun əti,"of which, mutton",min ton,FR4,"8 vərəq, 2.4.1.4., sətir 22",natural
v4_r023_minton,o cümlədən quş əti,"of which, poultry meat",min ton,FR4,"8 vərəq, 2.4.1.4., sətir 23",natural
v4_r024_mlneded,Yumurta,Eggs,mln ədəd,FR4,"8 vərəq, 2.4.1.4., sətir 24",natural
v4_r025_minton,Süd (fiziki çəkidə),Milk (raw weight),min ton,FR4,"8 vərəq, 2.4.1.4., sətir 25",natural
v4_r026_minton,Yun (fiziki çəkidə),Wool (raw weight),min ton,FR4,"8 vərəq, 2.4.1.4., sətir 26",natural
v4_r027_ton,Barama (yaş çəkidə),Cocoons (raw weight),ton,FR4,"8 vərəq, 2.4.1.4., sətir 27",natural
v4_r028_minbas,İri buynuzlu mal-qara,Cattle (head),min baş,FR4,"8 vərəq, 2.4.1.4., sətir 28",natural
v4_r029_minbas,İnək-camış,Cows and buffalo (head),min baş,FR4,"8 vərəq, 2.4.1.4., sətir 29",natural
v4_r030_minbas,Qoyun və keçilər,Sheep and goats (head),min baş,FR4,"8 vərəq, 2.4.1.4., sətir 30",natural
v4_r031_minbas,Donuzlar,Pigs (head),min baş,FR4,"8 vərəq, 2.4.1.4., sətir 31",natural
v4_r032_mlnbas,Quş,Poultry (head),mln baş,FR4,"8 vərəq, 2.4.1.4., sətir 32",natural
v4_r035_minton,Neft hasilatı,Crude oil extraction,min ton,FR4,"8 vərəq, 2.4.1.4., sətir 35",natural
v4_r036_mlnm3,Qaz hasilatı,Natural gas extraction,mln m3,FR4,"8 vərəq, 2.4.1.4., sətir 36",natural
v4_r037_mlnm3,əmtəəlik qaz,"of which, marketed gas",mln m3,FR4,"8 vərəq, 2.4.1.4., sətir 37",natural
v4_r039_kq,Qızıl filizləri və konsentratları,Gold ores and concentrates,kq,FR4,"8 vərəq, 2.4.1.4., sətir 39",natural
v4_r040_ton,Mis filizləri,Copper ores,ton,FR4,"8 vərəq, 2.4.1.4., sətir 40",natural
v4_r042_minton,"Çınqıl, qırmadaş, xırda çay daşı və çaxmaq daşı","Gravel, crushed stone, pebbles and flint",min ton,FR4,"8 vərəq, 2.4.1.4., sətir 42",natural
v4_r043_minton,Bentonit,Bentonite,min ton,FR4,"8 vərəq, 2.4.1.4., sətir 43",natural
v4_r044_minton,"İnşaat üçün əhəngdaşı, alebastr",Limestone and gypsum for construction,min ton,FR4,"8 vərəq, 2.4.1.4., sətir 44",natural
v4_r045_minton,Tikinti qumu,Construction sand,min ton,FR4,"8 vərəq, 2.4.1.4., sətir 45",natural
v4_r048_minton,Mal əti,Beef (processed),min ton,FR4,"8 vərəq, 2.4.1.4., sətir 48 (2018+ #REF!) — sıra 1.46en.xls «beef» üzərində 1985–2024 dövrü üçün dirçəldilib, 2017-ci ilin şablon səviyyəsinə bazalaşdırılıb",natural
v4_r049_minton,Quş əti,Poultry meat (processed),min ton,FR4,"8 vərəq, 2.4.1.4., sətir 49 (2018+ #REF!) — sıra 1.46en.xls «poultry meat» üzərində 1985–2024 dövrü üçün dirçəldilib, 2017-ci ilin şablon səviyyəsinə bazalaşdırılıb",natural
v4_r050_mindkl,Meyvə və tərəvəz şirələri,Fruit and vegetable juices,min dkl,FR4,"8 vərəq, 2.4.1.4., sətir 50 — 2018+ #REF!; DSK qarşılığı (Fruit and vegetables tinned, juices, thsd. tons) ölçü vahidi/anlayış uyğunsuzluğuna görə istifadə edilmir (DATA-GAP)",natural
v4_r051_minton,Emal edilmiş duru süd,Processed liquid milk,min ton,FR4,"8 vərəq, 2.4.1.4., sətir 51 (2018+ #REF!) — sıra 1.47en.xls «Milk-total» üzərində 1985–2024 dövrü üçün dirçəldilib, 2017-ci ilin şablon səviyyəsinə bazalaşdırılıb",natural
v4_r052_minton,Qənd-rafinad və şəkər tozu,Refined sugar and granulated sugar,min ton,FR4,"8 vərəq, 2.4.1.4., sətir 52 (2018+ #REF!) — sıra 018en.xls «Sugar, thsd. tons» üzərində 1996–2024 dövrü üçün dirçəldilib, 2017-ci ilin şablon səviyyəsinə bazalaşdırılıb",natural
v4_r053_minton,Kərə yağı,Butter,min ton,FR4,"8 vərəq, 2.4.1.4., sətir 53 (2018+ #REF!) — sıra 018en.xls «Butter, thsd. tons» üzərində 1995–2024 dövrü üçün dirçəldilib, 2017-ci ilin şablon səviyyəsinə bazalaşdırılıb",natural
v4_r054_minton,Pendir və kəsmik,Cheese and curd,min ton,FR4,"8 vərəq, 2.4.1.4., sətir 54 (2018+ #REF!) — sıra 018en.xls «Cheese and curd, ton» üzərində 1996–2024 dövrü üçün dirçəldilib, 2017-ci ilin şablon səviyyəsinə bazalaşdırılıb",natural
v4_r055_minton,Bitki yağları,Vegetable oils,min ton,FR4,"8 vərəq, 2.4.1.4., sətir 55 (2018+ #REF!) — sıra 018en.xls «Vegetable oils, thsd. tons» üzərində 1995–2024 dövrü üçün dirçəldilib, 2017-ci ilin şablon səviyyəsinə bazalaşdırılıb",natural
v4_r056_minton,Un,Flour,min ton,FR4,"8 vərəq, 2.4.1.4., sətir 56 (2018+ #REF!) — sıra 018en.xls «Flour, thsd. tons» üzərində 1995–2024 dövrü üçün dirçəldilib, 2017-ci ilin şablon səviyyəsinə bazalaşdırılıb",natural
v4_r057_minton,Çörək və çörək-bulka məmulatları,Bread and bakery products,min ton,FR4,"8 vərəq, 2.4.1.4., sətir 57 (2018+ #REF!) — sıra 018en.xls «Bread, thsd. tons» üzərində 1995–2024 dövrü üçün dirçəldilib, 2017-ci ilin şablon səviyyəsinə bazalaşdırılıb",natural
v4_r058_minton,Xörək duzu,Table salt,min ton,FR4,"8 vərəq, 2.4.1.4., sətir 58 (2018+ #REF!) — sıra 018en.xls «Table salt, ton» üzərində 2000–2024 dövrü üçün dirçəldilib, 2017-ci ilin şablon səviyyəsinə bazalaşdırılıb",natural
v4_r060_mindkl,Şampan şərabı,Sparkling wine (champagne),min dkl,FR4,"8 vərəq, 2.4.1.4., sətir 60",natural
v4_r061_mindkl,Tündlüyü 45.4% və daha az olan araq,"Vodka, alcoholic strength <=45.4%",min dkl,FR4,"8 vərəq, 2.4.1.4., sətir 61",natural
v4_r062_mindkl,Üzüm şərabı və təzə üzümdən köpüklənən şərab,Grape wine and sparkling wine from fresh grapes,min dkl,FR4,"8 vərəq, 2.4.1.4., sətir 62",natural
v4_r063_mindkl,Səməni pivəsi,Barley beer,min dkl,FR4,"8 vərəq, 2.4.1.4., sətir 63",natural
v4_r064_mindkl,"Viski, konyak","Whisky, brandy",min dkl,FR4,"8 vərəq, 2.4.1.4., sətir 64",natural
v4_r065_mindkl,Alkoqolsuz içkilər,Non-alcoholic beverages,min dkl,FR4,"8 vərəq, 2.4.1.4., sətir 65",natural
v4_r067_ton,"Sənayedə emal olunmuş tütün, tütün ekstraktları və essensiyaları, digər qruplara daxil edilməyən homogenləşdirilmiş və ya bərpa edilmiş tütün","Industrially processed tobacco, extracts and essences, homogenised/reconstituted tobacco n.e.c.",ton,FR4,"8 vərəq, 2.4.1.4., sətir 67",natural
v4_r068_mlneded,Tərkibində tütün və ya tütün qarışıqları və onun əvəzediciləri olan siqarlar*,Cigars and cigarillos containing tobacco or tobacco substitutes,mln. ədəd,FR4,"8 vərəq, 2.4.1.4., sətir 68",natural
v4_r070_minton,Kardo və daraqla daranmış pambıq lifi,Carded or combed cotton fibre,min ton,FR4,"8 vərəq, 2.4.1.4., sətir 70",natural
v4_r071_ton,Pərakəndə satış üçün qablaşdırılmış pambıq iplik (tikiş üçün saplardan başqa),Cotton yarn packaged for retail sale (excl. sewing thread),ton,FR4,"8 vərəq, 2.4.1.4., sətir 71",natural
v4_r072_minm2,Düyünlərlə toxunan xalçalar,Knotted carpets,min m2,FR4,"8 vərəq, 2.4.1.4., sətir 72",natural
v4_r074_mineded,Kişi və ya oğlanlar üçün trikotaj kostyum və komplektlər,Men's/boys' knitted suits and ensembles,min ədəd,FR4,"8 vərəq, 2.4.1.4., sətir 74",natural
v4_r075_mineded,Kişi və ya oğlanlar üçün kostyumlar,Men's/boys' suits,min ədəd,FR4,"8 vərəq, 2.4.1.4., sətir 75",natural
v4_r076_mineded,Kişi və oğlanlar üçün kalsonlar və tumanlar,Men's/boys' underpants and briefs,min ədəd,FR4,"8 vərəq, 2.4.1.4., sətir 76",natural
v4_r077_mineded,"İpəkdən və ipək tullantılarından hazırlanan şallar, şərflər, kaşnelər, mantilyalar, duvaqlar","Silk shawls, scarves, mufflers and veils",min ədəd,FR4,"8 vərəq, 2.4.1.4., sətir 77",natural
v4_r078_mincut,"Kolqotlar, reytuzlar, corablar","Tights, panty hose and stockings",min cüt,FR4,"8 vərəq, 2.4.1.4., sətir 78",natural
v4_r079_mineded,Kişi və ya oğlanlar üçün pambıqdan və ya kimyəvi liflərdən hazırlanan istehsalat və ya peşə komplektləri,Men's/boys' industrial or occupational clothing (cotton/man-made fibres),min ədəd,FR4,"8 vərəq, 2.4.1.4., sətir 79",natural
v4_r080_mineded,"Kişi və ya oğlanlar üçün paltolar, gödəkçələr, plaşlar və oxşar məmulatlar","Men's/boys' overcoats, car coats, capes and similar articles",min ədəd,FR4,"8 vərəq, 2.4.1.4., sətir 80",natural
v4_r081_mineded,Qadın və ya qızlar üçün donlar,Women's/girls' dresses,min ədəd,FR4,"8 vərəq, 2.4.1.4., sətir 81",natural
v4_r082_mineded,"Kişi və ya oğlanlar üçün köynəklər, alt köynəkləri",Men's/boys' shirts and undershirts,min ədəd,FR4,"8 vərəq, 2.4.1.4., sətir 82",natural
v4_r084_minkvm,Laklı dəri və saxta laklı təbii dəri: metallaşdırılmış dəri,Patent leather and imitation patent/metallised leather,min kv.m,FR4,"8 vərəq, 2.4.1.4., sətir 84",natural
v4_r085_ton,Ayaqqabı üçün dəri,Leather for footwear,ton,FR4,"8 vərəq, 2.4.1.4., sətir 85",natural
v4_r086_mincut,Üstü dəridən olan kişi küçə ayaqqabısı,Men's leather outdoor footwear,min cüt,FR4,"8 vərəq, 2.4.1.4., sətir 86",natural
v4_r088_minkvm,Sair taxta lövhə parket,Other wood-based parquet panels,min kv.m,FR4,"8 vərəq, 2.4.1.4., sətir 88",natural
v4_r089_eded,"Taxta qapı blokları (qapı çərçivələri və tayları), qapı kandarları","Wooden door blocks (frames and leaves), door thresholds",ədəd,FR4,"8 vərəq, 2.4.1.4., sətir 89",natural
v4_r091_ton,Deşilmiş və ya deşilməmiş büzmələnmiş kağız və karton,Corrugated paper and paperboard,ton,FR4,"8 vərəq, 2.4.1.4., sətir 91",natural
v4_r092_ton,Kağız əl dəsmalları,Paper handkerchiefs and tissues,ton,FR4,"8 vərəq, 2.4.1.4., sətir 92",natural
v4_r094_mineded,Sadə tipli çap materiallarından başqa sair çap materialları,Other printed matter (excl. simple printed materials),min ədəd,FR4,"8 vərəq, 2.4.1.4., sətir 94",natural
v4_r095_mineded,"Kitab və kitabçaların, uşaqlar üçün kitab-şəkillərin və ya şəkil çəkmək üçün kitabların çap edilməsi",Printing of books and children's picture/drawing books,min ədəd,FR4,"8 vərəq, 2.4.1.4., sətir 95",natural
v4_r097_minton,Neft məhsullarının istehsalı-cəmi,"Petroleum products, total",min ton,FR4,"8 vərəq, 2.4.1.4., sətir 97",natural
v4_r098_minton,Avtobenzinlər,Motor gasoline,min ton,FR4,"8 vərəq, 2.4.1.4., sətir 98",natural
v4_r099_minton,Hidrotəmizlənmiş benzin,Hydrotreated naphtha/gasoline,min ton,FR4,"8 vərəq, 2.4.1.4., sətir 99",natural
v4_r100_minton,Dizel yanacağı,Diesel fuel,min ton,FR4,"8 vərəq, 2.4.1.4., sətir 100",natural
v4_r101_minton,Reaktiv mühərrik yanacağı,Jet fuel,min ton,FR4,"8 vərəq, 2.4.1.4., sətir 101",natural
v4_r102_minton,Soba mazutu,Fuel oil (mazut),min ton,FR4,"8 vərəq, 2.4.1.4., sətir 102",natural
v4_r103_minton,Neft koksu,Petroleum coke,min ton,FR4,"8 vərəq, 2.4.1.4., sətir 103",natural
v4_r104_minton,Neft bitumu,Petroleum bitumen,min ton,FR4,"8 vərəq, 2.4.1.4., sətir 104",natural
v4_r105_minton,Mühərrik yanacağı,Motor fuel (mixed),min ton,FR4,"8 vərəq, 2.4.1.4., sətir 105",natural
v4_r106_minton,Sürtkü yağları,Lubricating oils,min ton,FR4,"8 vərəq, 2.4.1.4., sətir 106",natural
v4_r107_minton,Quru qaz,Dry gas,min ton,FR4,"8 vərəq, 2.4.1.4., sətir 107",natural
v4_r109_minton,Propen (propilen),Propene (propylene),min ton,FR4,"8 vərəq, 2.4.1.4., sətir 109",natural
v4_r110_minton,İzopropil spirti,Isopropyl alcohol,min ton,FR4,"8 vərəq, 2.4.1.4., sətir 110",natural
v4_r111_minton,"Xüsusi çəkisi 0,94-dən az olan xətti polietilen, ilkin formalarda","Linear polyethylene (density <0.94), primary forms",min ton,FR4,"8 vərəq, 2.4.1.4., sətir 111",natural
v4_r112_minton,Digər qruplara daxil edilməyən doymamış açıq zənсirli karbohidrogenlər,Other unsaturated acyclic hydrocarbons n.e.c.,min ton,FR4,"8 vərəq, 2.4.1.4., sətir 112",natural
v4_r113_minton,Etilen,Ethylene,min ton,FR4,"8 vərəq, 2.4.1.4., sətir 113",natural
v4_r114_minton,Digər ilkin formalarda polipropilen,"Other polypropylene, primary forms",min ton,FR4,"8 vərəq, 2.4.1.4., sətir 114",natural
v4_r115_minton,Alüminium sulfat və ya barium sulfat,Aluminium sulphate or barium sulphate,min ton,FR4,"8 vərəq, 2.4.1.4., sətir 115",natural
v4_r116_minton,"Suda dispersiya və ya həll edilmiş sair boyalar, laklar","Other paints and varnishes, water-based/dispersed",min ton,FR4,"8 vərəq, 2.4.1.4., sətir 116",natural
v4_r117_minton,Metanol (metil spirti),Methanol (methyl alcohol),min ton,FR4,"8 vərəq, 2.4.1.4., sətir 117",natural
v4_r118_minton,Karbamid,Urea,min ton,FR4,"8 vərəq, 2.4.1.4., sətir 118",natural
v4_r119_minton,Alüminium sulfat və ya barium sulfat,"Aluminium sulphate or barium sulphate (duplicate name, distinct row)",min ton,FR4,"8 vərəq, 2.4.1.4., sətir 119",natural
v4_r121_minmanat,"Tərkibində digər antibiotiklər olan, pərakəndə satış üçün qablaşdırılan dərmanlar",Retail-packaged medicines containing other antibiotics,min manat,FR4,"8 vərəq, 2.4.1.4., sətir 121",cari
v4_r122_minmanat,"Tərkibində qarışıq və ya xalis məhsullar olan, digər qruplara daxil edilməyən, pərakəndə satış üçün qablaşdırılan sair dərmanlar","Other retail-packaged medicines, mixed or unmixed, n.e.c.",min manat,FR4,"8 vərəq, 2.4.1.4., sətir 122",cari
v4_r124_ton,"Bərk polietilen borular, borucuqlar, şlanqlar, qollar","Rigid polyethylene pipes, tubes and hoses",ton,FR4,"8 vərəq, 2.4.1.4., sətir 124",natural
v4_r125_ton,"Bərk polipropilen borular, borucuqlar, şlanqlar, qollar","Rigid polypropylene pipes, tubes and hoses",ton,FR4,"8 vərəq, 2.4.1.4., sətir 125",natural
v4_r126_ton,"Digər qruplara daxil edilməyən sair bərk polietilen borular, borucuqlar, şlanqlar, qollar","Other rigid polyethylene pipes, tubes and hoses n.e.c.",ton,FR4,"8 vərəq, 2.4.1.4., sətir 126",natural
v4_r127_ton,Plastik tara,Plastic packaging containers,ton,FR4,"8 vərəq, 2.4.1.4., sətir 127",natural
v4_r128_mineded,"Butullar, butulkalar və həcmi 2 litrdən çox olmayan oxşar plastik məmulatlar",Plastic bottles and similar articles (capacity <=2 litres),min ədəd,FR4,"8 vərəq, 2.4.1.4., sətir 128",natural
v4_r130_minton,Sement,Cement,min ton,FR4,"8 vərəq, 2.4.1.4., sətir 130",natural
v4_r131_minm3,Betondan yığma tikinti konstruksiyaları,Prefabricated concrete structures for construction,min m3,FR4,"8 vərəq, 2.4.1.4., sətir 131",natural
v4_r132_minton,Hörmə üçün hazır olan beton qarışığı,Ready-mix concrete,min ton,FR4,"8 vərəq, 2.4.1.4., sətir 132",natural
v4_r133_minton,Asfalt,Asphalt,min ton,FR4,"8 vərəq, 2.4.1.4., sətir 133",natural
v4_r134_minm3,Tikinti kərpicləri,Construction bricks,min m3,FR4,"8 vərəq, 2.4.1.4., sətir 134",natural
v4_r135_minm2,Kağız örtüklü quru mala təbəqələri və tikinti kartonu təbəqələri,Paper-faced gypsum board and building board,min m2,FR4,"8 vərəq, 2.4.1.4., sətir 135",natural
v4_r136_ton,Tikinti gipsi,Building plaster (gypsum),ton,FR4,"8 vərəq, 2.4.1.4., sətir 136",natural
v4_r137_minm2,Vərəqə şüşə,Sheet glass,min m2,FR4,"8 vərəq, 2.4.1.4., sətir 137",natural
v4_r138_minm2,"Döşəmə, sobalar və divar üçün keramika tavaları və lövhələri","Ceramic tiles for floors, stoves and walls",min m2,FR4,"8 vərəq, 2.4.1.4., sətir 138",natural
v4_r139_ton,"Yonulmuş/mişarlanmış, üst qatı düz/hamar, digər emala məruz qalan mərmər, travertin, (əhəng tufu), alebastr","Worked marble, travertine and alabaster",ton,FR4,"8 vərəq, 2.4.1.4., sətir 139",natural
v4_r141_ton,Qeyri-cins polad külcələr və tikişsiz boruların istehsalı üçün yarımfabrikatlar,Non-alloy steel ingots/semis for seamless tube manufacture,ton,FR4,"8 vərəq, 2.4.1.4., sətir 141",natural
v4_r142_ton,"Tikişsiz boruların istehsalı üçün cins polad külçələri, paslanmayan poladdan başqa",Alloy steel ingots for seamless tube manufacture (excl. stainless),ton,FR4,"8 vərəq, 2.4.1.4., sətir 142",natural
v4_r143_ton,Qeyri-cins poladdan dəstələr şəklində deformasiyaya uğradılmış katankalar (girdə çubuklar),"Non-alloy steel bars, hot-rolled in coils",ton,FR4,"8 vərəq, 2.4.1.4., sətir 143",natural
v4_r144_ton,Alüminium vərəqə,Aluminium foil,ton,FR4,"8 vərəq, 2.4.1.4., sətir 144",natural
v4_r145_ton,İlkin alüminium,Primary (unwrought) aluminium,ton,FR4,"8 vərəq, 2.4.1.4., sətir 145",natural
v4_r147_minmanat,Qara metallardan yığma tikinti konstruksiyaları,Prefabricated steel structures for construction,min manat,FR4,"8 vərəq, 2.4.1.4., sətir 147",cari
v4_r148_ton,Təbəqə materialından sair konstruksiyalar,Other structures made of sheet material,ton,FR4,"8 vərəq, 2.4.1.4., sətir 148",natural
v4_r149_ton,"Qara metallardan elektrik izolyasiyası olmayan çoxdamarlı məftil, tros və kanatlar","Non-insulated multi-core steel wire, cables and ropes",ton,FR4,"8 vərəq, 2.4.1.4., sətir 149",natural
v4_r151_eded,"Digər qruplara daxil edilməyən, avtomatik tənzimləmə və idarəetmə üçün cihaz və aparatlar",Automatic regulating/control instruments and apparatus n.e.c.,ədəd,FR4,"8 vərəq, 2.4.1.4., sətir 151",natural
v4_r153_eded,Güc 650 kVA-dən çox olmayan maye dielektrikli transformatorlar,"Liquid dielectric transformers, power <=650 kVA",ədəd,FR4,"8 vərəq, 2.4.1.4., sətir 153",natural
v4_r154_eded,"Güc 650 kVA-dən çox olan, lakin 10000 kVA-dən çox olmayan maye dielektrikli transformatorlar","Liquid dielectric transformers, power >650 and <=10,000 kVA",ədəd,FR4,"8 vərəq, 2.4.1.4., sətir 154",natural
v4_r155_eded,Gücü 10000 kVA-dən çox olan maye dielektrikli transformatorlar,"Liquid dielectric transformers, power >10,000 kVA",ədəd,FR4,"8 vərəq, 2.4.1.4., sətir 155",natural
v4_r156_ton,1000 V-dan çox olmayan gərginlik üçün birləşdirici detalları olan elektrik cərəyan naqilləri,"Insulated electric wire/cable with connectors, voltage <=1000V",ton,FR4,"8 vərəq, 2.4.1.4., sətir 156",natural
v4_r157_eded,Məişət soyuducuları,Household refrigerators,ədəd,FR4,"8 vərəq, 2.4.1.4., sətir 157",natural
v4_r158_eded,"Müvafiq aparatlarla komplektləş-dirilməyən məmulat üçün paylaşdırıcı lövhələr, panellər, konsollar, stollar, şkaflar və sair əsaslar","Boards, panels, consoles, cabinets for electric control/distribution",ədəd,FR4,"8 vərəq, 2.4.1.4., sətir 158",natural
v4_r160_minmanat,Maye üçün nasosların və maye qaldırıcılarının hissələri,Parts of pumps for liquids and liquid elevators,min manat,FR4,"8 vərəq, 2.4.1.4., sətir 160",cari
v4_r161_eded,Odsöndürənlər,Fire extinguishers,ədəd,FR4,"8 vərəq, 2.4.1.4., sətir 161",natural
v4_r162_eded,Traktorlar,Tractors,ədəd,FR4,"8 vərəq, 2.4.1.4., sətir 162",natural
v4_r164_eded,Yük avtomobilləri,Trucks (lorries),ədəd,FR4,"8 vərəq, 2.4.1.4., sətir 164",natural
v4_r165_eded,Qoşqular və yarımqoşqular,Trailers and semi-trailers,ədəd,FR4,"8 vərəq, 2.4.1.4., sətir 165",natural
v4_r166_eded,Minik avtomobilləri,Passenger cars,ədəd,FR4,"8 vərəq, 2.4.1.4., sətir 166",natural
v4_r168_minmanat,"Yol qurğuları və armaturu da daxil edilməklə, yollar üçün avadanlıq və materiallar: dəmir yolu və tramvay yolları üçün avadanlıq hissələri","Railway and tramway track fixtures, fittings and equipment parts",min manat,FR4,"8 vərəq, 2.4.1.4., sətir 168",cari
v4_r169_minmanat,"Dəmir yolu lokomotovlərinin və motorlu vaqonların, motorlu tramvay vaqonlarının və dəmir yolu nəqliyyatı vasitələrinin bərpa edilməsi","Repair of railway locomotives, motor coaches and tramway rolling stock",min manat,FR4,"8 vərəq, 2.4.1.4., sətir 169",cari
v4_r170_minmanat,Gəmilərin və üzən qurğuların qayırılması,Building and repair of ships and floating structures,min manat,FR4,"8 vərəq, 2.4.1.4., sətir 170",cari
v4_r172_eded,Ofis tipli taxta mebellər,Wooden office furniture,ədəd,FR4,"8 vərəq, 2.4.1.4., sətir 172",natural
v4_r173_eded,Mətbəxt üçün ağac mebellər,Wooden kitchen furniture,ədəd,FR4,"8 vərəq, 2.4.1.4., sətir 173",natural
v4_r174_eded,Yataq otağı üçün taxta mebellər,Wooden bedroom furniture,ədəd,FR4,"8 vərəq, 2.4.1.4., sətir 174",natural
v4_r175_eded,Taxta karkaslı oturmaq üçün üz çəkilmiş mebel,"Upholstered seating, wooden frame",ədəd,FR4,"8 vərəq, 2.4.1.4., sətir 175",natural
v4_r177_minmanat,"Gəmilərin, qayıqların və s. üzən vasitələrin (gəzinti və idman gəmilərindən başqa) təmiri","Repair of ships, boats and floating vessels (excl. pleasure/sport craft)",min manat,FR4,"8 vərəq, 2.4.1.4., sətir 177",cari
v4_r179_minmanat,#REF!,[name lost to #REF! -- statutory template gives no product name for this row],min manat,FR4,"8 vərəq, 2.4.1.4., sətir 179 — ad #REF!, məlumat mövcud deyil",cari
v4_r180_mineded,"Zərgərlik məmulatları və qiymətli metallardan onların hissələri (qalvanik örtüklü, qızıla (gümüşə) tutulmuş metallar da daxil edilməklə)",Jewellery and articles of precious metal,min ədəd,FR4,"8 vərəq, 2.4.1.4., sətir 180",natural
v4_r182_qvts,İstilik Elektrik Stansiyalarının (İES) şərti termik elektriki (hasilat xammalı ilə işləyən İES-də istehsal edilən),Conditional thermal electricity from thermal power plants,QVt.s,FR4,"8 vərəq, 2.4.1.4., sətir 182",natural
v4_r183_mlnm3,"Qaz zavodlarının qazı (karbonlaşdırma, krekinq, qazlaşdırma və ya qazın və/və ya qaz zavodlarının havasının sadə qarışığı yolu ilə alınan qaz)","Gasworks gas (carbonisation, cracking, gasification or gas mixing)",mln m3,FR4,"8 vərəq, 2.4.1.4., sətir 183",natural
v4_r184_qvts,Külək və günəşlə işləyən stansiyalarının elektriki,Electricity from wind and solar power stations,QVt.s,FR4,"8 vərəq, 2.4.1.4., sətir 184",natural
v4_r186_mlnm3,İstehlakçılara satılan su,Water sold to consumers,mln. m3,FR4,"8 vərəq, 2.4.1.4., sətir 186",natural
v4_r187_mlnm3,Təbii suyun təmizlənməsi və boru kəməri ilə bölüşdürülməsi xidmətləri,Natural water treatment and pipeline distribution services,mln. m3,FR4,"8 vərəq, 2.4.1.4., sətir 187",natural
v4_r190_mlnton,Nəqliyyat sektorunda yük daşınması - cəmi,"Freight transported, transport sector total",mln ton,FR4,"8 vərəq, 2.4.1.4., sətir 190",natural
v4_r191_mlnton,Dəmir yolu,"Railway (freight, tons)",mln ton,FR4,"8 vərəq, 2.4.1.4., sətir 191",natural
v4_r192_mlnton,Avtomobil,"Road (freight, tons)",mln ton,FR4,"8 vərəq, 2.4.1.4., sətir 192",natural
v4_r193_mlnton,Dəniz,"Sea (freight, tons)",mln ton,FR4,"8 vərəq, 2.4.1.4., sətir 193",natural
v4_r194_mlnton,Hava,"Air (freight, tons)",mln ton,FR4,"8 vərəq, 2.4.1.4., sətir 194",natural
v4_r195_mlnton,Boru kəməri,"Pipeline (freight, tons)",mln ton,FR4,"8 vərəq, 2.4.1.4., sətir 195",natural
v4_r196_mlnton,Neft kəməri,"Oil pipeline (freight, tons)",mln ton,FR4,"8 vərəq, 2.4.1.4., sətir 196",natural
v4_r197_mlnton,BTC üzrə,"of which, BTC pipeline (freight, tons)",mln ton,FR4,"8 vərəq, 2.4.1.4., sətir 197",natural
v4_r198_mlnton,Qaz kəməri,"Gas pipeline (freight, tons)",mln ton,FR4,"8 vərəq, 2.4.1.4., sətir 198",natural
v4_r199_mlnton,CQBK üzrə,"of which, SCP pipeline (freight, tons)",mln ton,FR4,"8 vərəq, 2.4.1.4., sətir 199",natural
v4_r200_mlrdtkm,Nəqliyyat sektorunda yük dövriyyəsi - cəmi,"Freight turnover, transport sector total",mlrd t-km,FR4,"8 vərəq, 2.4.1.4., sətir 200",natural
v4_r201_mlrdtkm,Dəmir yolu,Railway (freight turnover),mlrd t-km,FR4,"8 vərəq, 2.4.1.4., sətir 201",natural
v4_r202_mlrdtkm,Avtomobil,Road (freight turnover),mlrd t-km,FR4,"8 vərəq, 2.4.1.4., sətir 202",natural
v4_r203_mlrdtkm,Dəniz,Sea (freight turnover),mlrd t-km,FR4,"8 vərəq, 2.4.1.4., sətir 203",natural
v4_r204_mlrdtkm,Hava,Air (freight turnover),mlrd t-km,FR4,"8 vərəq, 2.4.1.4., sətir 204",natural
v4_r205_mlrdtkm,Boru kəməri,Pipeline (freight turnover),mlrd t-km,FR4,"8 vərəq, 2.4.1.4., sətir 205",natural
v4_r206_mlrdtkm,Neft kəməri,Oil pipeline (freight turnover),mlrd t-km,FR4,"8 vərəq, 2.4.1.4., sətir 206",natural
v4_r207_mlrdtkm,BTC üzrə,"of which, BTC pipeline (freight turnover)",mlrd t-km,FR4,"8 vərəq, 2.4.1.4., sətir 207",natural
v4_r208_mlrdtkm,Qaz kəməri,Gas pipeline (freight turnover),mlrd t-km,FR4,"8 vərəq, 2.4.1.4., sətir 208",natural
v4_r209_mlrdtkm,CQBK üzrə,"of which, SCP pipeline (freight turnover)",mlrd t-km,FR4,"8 vərəq, 2.4.1.4., sətir 209",natural
v4_r210_mlnsernkm,Nəqliyyat sektorunda sərnişin dövriyyəsi,"Passenger turnover, transport sector",mln sərn.-km,FR4,"8 vərəq, 2.4.1.4., sətir 210",natural
v4_r211_mlnsernkm,Dəmir yolu,Railway (passenger turnover),mln sərn.-km,FR4,"8 vərəq, 2.4.1.4., sətir 211",natural
v4_r212_mlnsernkm,Avtobus və taksi,Bus and taxi (passenger turnover),mln sərn.-km,FR4,"8 vərəq, 2.4.1.4., sətir 212",natural
v4_r213_mlnsernkm,Dəniz,Sea (passenger turnover),mln sərn.-km,FR4,"8 vərəq, 2.4.1.4., sətir 213",natural
v4_r214_mlnsernkm,Hava,Air (passenger turnover),mln sərn.-km,FR4,"8 vərəq, 2.4.1.4., sətir 214",natural
v4_r215_mlnsernkm,Metro,Metro (passenger turnover),mln sərn.-km,FR4,"8 vərəq, 2.4.1.4., sətir 215",natural
v4_r217_minnefer,Mobil telefon abunəçilərinin (nömrələrin) sayı,Mobile phone subscribers (numbers),min nəfər,FR4,"8 vərəq, 2.4.1.4., sətir 217",natural
v4_r218_mineded,Əsas telefon aparatlarının sayı,Fixed telephone sets,min ədəd,FR4,"8 vərəq, 2.4.1.4., sətir 218",natural
v4_r219_eded,Əhalinin hər 100 nəfərinə düşən əsas telefon aparatlarının sayı,Fixed telephone sets per 100 inhabitants,ədəd,FR4,"8 vərəq, 2.4.1.4., sətir 219",natural
va_act_agri,"Kənd, meşə və balıqçılıq təsərrüfatı — əlavə dəyər",agri branch — əlavə dəyər,mln AZN,FR3,"8 vərəq, 2.4.1.3.",cari
va_act_constr,Tikinti — əlavə dəyər,constr branch — əlavə dəyər,mln AZN,FR3,"8 vərəq, 2.4.1.3.",cari
va_act_industry,Sənaye (cəmi) — əlavə dəyər,industry branch — əlavə dəyər,mln AZN,FR3,"8 vərəq, 2.4.1.3.",cari
va_act_industry_nonoil,"Sənaye — qeyri-neft (emal, enerji, su təchizatı) — əlavə dəyər",industry_nonoil branch — əlavə dəyər,mln AZN,FR3,"8 vərəq, 2.4.1.3.",cari
va_act_industry_oil,Sənaye — neft-qaz (mədənçıxarma) — əlavə dəyər,industry_oil branch — əlavə dəyər,mln AZN,FR3,"8 vərəq, 2.4.1.3.",cari
va_act_nettax,Məhsula və idxala xalis vergilər — əlavə dəyər,nettax branch — əlavə dəyər,mln AZN,FR3,"8 vərəq, 2.4.1.3.",cari
va_act_services,Xidmətlər (cəmi) — əlavə dəyər,services branch — əlavə dəyər,mln AZN,FR3,"8 vərəq, 2.4.1.3.",cari
va_act_total,ÜDM (5 budağın cəmi) — əlavə dəyər,total branch — əlavə dəyər,mln AZN,FR3,"8 vərəq, 2.4.1.3.",cari
va_agri,"Kənd, meşə və balıqçılıq təsərrüfatı — əlavə dəyər","Agriculture, forestry and fishing — value added",mln AZN,FR2/FR3,"8 vərəq, 2.4.1.2.",cari
va_constr,Tikinti — əlavə dəyər,Construction — value added,mln AZN,FR2/FR3,"8 vərəq, 2.4.1.2.",cari
va_ict,İnformasiya və rabitə — əlavə dəyər,Information and communication — value added,mln AZN,FR2/FR3,"8 vərəq, 2.4.1.2.",cari
va_industry,Sənaye — əlavə dəyər,Industry — value added,mln AZN,FR3,"8 vərəq, 2.4.1.3.",cari
va_industry_nonoil_prod,Qeyri neft-qaz sənayesi — əlavə dəyər (aşağıdan-yuxarı),"Non-oil industry value added, bottom-up",mln AZN,FR2,emal + elektrik + su + qeyri-neft mədənçıxarma,cari
va_industry_oil_prod,Neft-qaz sənayesi — əlavə dəyər (aşağıdan-yuxarı),"Oil-gas industry value added, bottom-up",mln AZN,FR2,FR05b bloku,cari
va_manuf,Emal sənayesi — əlavə dəyər,Manufacturing — value added,mln AZN,FR2/FR3,"8 vərəq, 2.4.1.2.",cari
va_mining,Mədənçıxarma sənayesi — əlavə dəyər,Mining and quarrying — value added,mln AZN,FR2/FR3,"8 vərəq, 2.4.1.2.",cari
va_mining_branch,Mədənçıxarma sənayesi üzrə əlavə dəyər (sahə vərəqi),Mining and quarrying — value added (branch sheet),mln AZN,FR3,Mədənçıxarma,cari
va_mining_nonoil,Mədənçıxarma — qeyri-neft hissəsi üzrə əlavə dəyər,Mining — non-oil part value added,mln AZN,FR2,"Mədənçıxarma vərəqi, sətir 4 mənfi sətir 9 (2016-dan)",cari
va_mining_oilgas,Mədənçıxarma — xam neft və qaz hasilatı üzrə əlavə dəyər,Mining — crude oil and gas extraction value added,mln AZN,FR2,"Mədənçıxarma vərəqi, sətir 9; proqnoz FR05b həcm yolu (`oil_realg`) və `oil_defl` ilə",cari
va_nonoil_industry,Qeyri neft-qaz sənayesi — əlavə dəyər,Non-oil industry — value added,mln AZN,FR3,"8 vərəq, 2.4.1.3.",cari
va_nonoil_prod,Qeyri-neft sektorunun əlavə dəyəri (istehsal metodu),"Non-oil value added, production approach",mln AZN,FR2,on sahənin əlavə dəyəri + mədənçıxarmanın qeyri-neft hissəsi; miqyaslama yoxdur. İş kitabının `nonoil_nom` sırasından qeyri-neft mədənçıxarmanın əlavə dəyəri qədər fərqlənir (2016-dan),cari
va_oilgas_extraction,Xam neft və təbii qaz hasilatı üzrə əlavə dəyər,Crude oil and natural gas extraction — value added,mln AZN,FR3,Mədənçıxarma,cari
va_power,"Elektrik enerjisi, qaz və buxar istehsalı və təchizatı — əlavə dəyər","Electricity, gas and steam supply — value added",mln AZN,FR2/FR3,"8 vərəq, 2.4.1.2.",cari
va_services,Xidmətlərin istehsalı — əlavə dəyər,Services — value added,mln AZN,FR3,"8 vərəq, 2.4.1.3.",cari
va_social,Sosial və digər sahələrdə yaradılmış əlavə dəyər — əlavə dəyər,Social and other services — value added,mln AZN,FR2/FR3,"8 vərəq, 2.4.1.2.",cari
va_tourism,Turistlərin yerləşdirilməsi və ictimai iaşə — əlavə dəyər,Accommodation and food service — value added,mln AZN,FR2/FR3,"8 vərəq, 2.4.1.2.",cari
va_trade,"Ticarət, nəqliyyat vasitələrinin təmiri — əlavə dəyər",Trade and repair of vehicles — value added,mln AZN,FR2/FR3,"8 vərəq, 2.4.1.2.",cari
va_transport,Nəqliyyat və anbar təsərrüfatı — əlavə dəyər,Transport and storage — value added,mln AZN,FR2/FR3,"8 vərəq, 2.4.1.2.",cari
va_water,"Su təchizatı, tullantıların təmizlənməsi və emalı — əlavə dəyər",Water supply and waste management — value added,mln AZN,FR2/FR3,"8 vərəq, 2.4.1.2.",cari
wage_avg,Orta aylıq əmək haqqı,Average monthly wage,AZN,FR8,"8 vərəq, 2.4.1.5.-7.",cari
wage_avg_dvx,Orta aylıq əmək haqqı (DVX),Average monthly wage (tax service),AZN,FR8,DVX üzrə göstəricilər,cari
wage_avg_nonoil_dvx,Qeyri neft-qaz sektorunda orta aylıq əmək haqqı (DVX),"Average monthly wage, non-oil-gas (tax service)",AZN,FR8,DVX üzrə göstəricilər,cari
wage_avg_realg,Orta aylıq əmək haqqının real artım tempi,Real wage growth,%,FR8,"8 vərəq, 2.4.1.5.-7.",indeks
wage_fund_moe,Əmək haqqı fondu (sahə bloku üzrə),Wage fund (branch labour block),mln AZN,FR8,"MOE SOCIAL.xlsx — `8` vərəqi sətir 7 (iqtisadiyyat üzrə orta aylıq əmək haqqı), 9–45 (19 fəaliyyət növü, tək sətirlər), 48/50 (dövlət/qeyri-dövlət), 58/60 (neft/qeyri-neft), 62 (minimum əmək haqqı); `9` vərəqi eyni sətir sxemi ilə muzdlu/ümumi məşğulluq; `add8` vərəqi sətir 29 (iqtisadiyyat üzrə əmək haqqı fondu, AZN mln) və 30–48 (19 fəaliyyət növü üzrə fond). Nazirliyin nümunə-model faylı — YALNIZ OXUNUR, yalnız faktiki sütunlar (≤2024; annotasiya sətri 2025-i 'gözlənilən', 2026–2030-u 'proqnoz' kimi işarələyir)",cari
wage_fund_nonoil,Qeyri neft-qaz sektorunda cəmi əmək haqqı fondu,"Wage fund, non-oil-gas sector",mln AZN,FR8,DVX üzrə göstəricilər,cari
wage_fund_nonoil_nonstate,Qeyri neft-qaz qeyri-dövlət bölməsində əmək haqqı fondu,"Wage fund, non-oil non-state",mln AZN,FR8,DVX üzrə göstəricilər,cari
wage_fund_total,Cəmi əmək haqqı fondu,Total wage fund,mln AZN,FR8,DVX üzrə göstəricilər,cari
wage_manuf,Emal sənayesi — orta aylıq əmək haqqı,Manufacturing — average monthly wage,AZN,FR8,Emal Sənayesi,cari
wage_mining,Mədənçıxarma sənayesi — orta aylıq əmək haqqı,Mining and quarrying — average monthly wage,AZN,FR8,Mədənçıxarma,cari
wage_nonoil,Qeyri neft-qaz sektorunda orta aylıq əmək haqqı,"Average wage, non-oil sector",AZN,FR8,"8 vərəq, 2.4.1.5.-7.",cari
wage_oil,Neft-qaz sektorunda orta aylıq əmək haqqı,"Average wage, oil sector",AZN,FR8,"8 vərəq, 2.4.1.5.-7.",cari
wage_power,"Elektrik enerjisi, qaz və buxar istehsalı — orta aylıq əmək haqqı","Electricity, gas and steam — average monthly wage",AZN,FR8,Elektrik enerjisi,cari
wage_private,Özəl sektorda orta aylıq əmək haqqı,"Average wage, private sector",AZN,FR8,Sosial sektor,cari
wage_ssc_admin,"İnzibati və yardımçı xidmətlərin göstərilməsi — orta aylıq nominal əmək haqqı, cəmi (DSK)","Administrative and support service activities — average monthly nominal wage, total (SSC)",AZN,FR8,"DSK cədvəl 4.5–4.8 (`004_5-8en.xls`, `Dynamics`), 2005–2024; 2025 sütunu DVX/iş kitabı qarşılığı ilə tamamlanıb (FR08 §2.5) — həmin il üçün fəaliyyət növləri arasında tərkib effekti sıfırdır",cari
wage_ssc_admin_nonstate,"İnzibati və yardımçı xidmətlərin göstərilməsi — orta aylıq nominal əmək haqqı, qeyri-dövlət (DSK)","Administrative and support service activities — average monthly nominal wage, non-state (SSC)",AZN,FR8,"DSK cədvəl 4.5–4.8 (`004_5-8en.xls`, `Dynamics`), 2005–2024; 2025 sütunu DVX/iş kitabı qarşılığı ilə tamamlanıb (FR08 §2.5) — həmin il üçün fəaliyyət növləri arasında tərkib effekti sıfırdır",cari
wage_ssc_admin_state,"İnzibati və yardımçı xidmətlərin göstərilməsi — orta aylıq nominal əmək haqqı, dövlət (DSK)","Administrative and support service activities — average monthly nominal wage, state (SSC)",AZN,FR8,"DSK cədvəl 4.5–4.8 (`004_5-8en.xls`, `Dynamics`), 2005–2024; 2025 sütunu DVX/iş kitabı qarşılığı ilə tamamlanıb (FR08 §2.5) — həmin il üçün fəaliyyət növləri arasında tərkib effekti sıfırdır",cari
wage_ssc_agri,"Kənd, meşə və balıqçılıq təsərrüfatı — orta aylıq nominal əmək haqqı, cəmi (DSK)","Agriculture, forestry and fishing — average monthly nominal wage, total (SSC)",AZN,FR8,"DSK cədvəl 4.5–4.8 (`004_5-8en.xls`, `Dynamics`), 2005–2024; 2025 sütunu DVX/iş kitabı qarşılığı ilə tamamlanıb (FR08 §2.5) — həmin il üçün fəaliyyət növləri arasında tərkib effekti sıfırdır",cari
wage_ssc_agri_nonstate,"Kənd, meşə və balıqçılıq təsərrüfatı — orta aylıq nominal əmək haqqı, qeyri-dövlət (DSK)","Agriculture, forestry and fishing — average monthly nominal wage, non-state (SSC)",AZN,FR8,"DSK cədvəl 4.5–4.8 (`004_5-8en.xls`, `Dynamics`), 2005–2024; 2025 sütunu DVX/iş kitabı qarşılığı ilə tamamlanıb (FR08 §2.5) — həmin il üçün fəaliyyət növləri arasında tərkib effekti sıfırdır",cari
wage_ssc_agri_state,"Kənd, meşə və balıqçılıq təsərrüfatı — orta aylıq nominal əmək haqqı, dövlət (DSK)","Agriculture, forestry and fishing — average monthly nominal wage, state (SSC)",AZN,FR8,"DSK cədvəl 4.5–4.8 (`004_5-8en.xls`, `Dynamics`), 2005–2024; 2025 sütunu DVX/iş kitabı qarşılığı ilə tamamlanıb (FR08 §2.5) — həmin il üçün fəaliyyət növləri arasında tərkib effekti sıfırdır",cari
wage_ssc_art,"İstirahət, əyləncə və incəsənət sahəsində fəaliyyət — orta aylıq nominal əmək haqqı, cəmi (DSK)","Art, entertainment and recreation — average monthly nominal wage, total (SSC)",AZN,FR8,"DSK cədvəl 4.5–4.8 (`004_5-8en.xls`, `Dynamics`), 2005–2024; 2025 sütunu DVX/iş kitabı qarşılığı ilə tamamlanıb (FR08 §2.5) — həmin il üçün fəaliyyət növləri arasında tərkib effekti sıfırdır",cari
wage_ssc_art_nonstate,"İstirahət, əyləncə və incəsənət sahəsində fəaliyyət — orta aylıq nominal əmək haqqı, qeyri-dövlət (DSK)","Art, entertainment and recreation — average monthly nominal wage, non-state (SSC)",AZN,FR8,"DSK cədvəl 4.5–4.8 (`004_5-8en.xls`, `Dynamics`), 2005–2024; 2025 sütunu DVX/iş kitabı qarşılığı ilə tamamlanıb (FR08 §2.5) — həmin il üçün fəaliyyət növləri arasında tərkib effekti sıfırdır",cari
wage_ssc_art_state,"İstirahət, əyləncə və incəsənət sahəsində fəaliyyət — orta aylıq nominal əmək haqqı, dövlət (DSK)","Art, entertainment and recreation — average monthly nominal wage, state (SSC)",AZN,FR8,"DSK cədvəl 4.5–4.8 (`004_5-8en.xls`, `Dynamics`), 2005–2024; 2025 sütunu DVX/iş kitabı qarşılığı ilə tamamlanıb (FR08 §2.5) — həmin il üçün fəaliyyət növləri arasında tərkib effekti sıfırdır",cari
wage_ssc_constr,"Tikinti — orta aylıq nominal əmək haqqı, cəmi (DSK)","Construction — average monthly nominal wage, total (SSC)",AZN,FR8,"DSK cədvəl 4.5–4.8 (`004_5-8en.xls`, `Dynamics`), 2005–2024; 2025 sütunu DVX/iş kitabı qarşılığı ilə tamamlanıb (FR08 §2.5) — həmin il üçün fəaliyyət növləri arasında tərkib effekti sıfırdır",cari
wage_ssc_constr_nonstate,"Tikinti — orta aylıq nominal əmək haqqı, qeyri-dövlət (DSK)","Construction — average monthly nominal wage, non-state (SSC)",AZN,FR8,"DSK cədvəl 4.5–4.8 (`004_5-8en.xls`, `Dynamics`), 2005–2024; 2025 sütunu DVX/iş kitabı qarşılığı ilə tamamlanıb (FR08 §2.5) — həmin il üçün fəaliyyət növləri arasında tərkib effekti sıfırdır",cari
wage_ssc_constr_state,"Tikinti — orta aylıq nominal əmək haqqı, dövlət (DSK)","Construction — average monthly nominal wage, state (SSC)",AZN,FR8,"DSK cədvəl 4.5–4.8 (`004_5-8en.xls`, `Dynamics`), 2005–2024; 2025 sütunu DVX/iş kitabı qarşılığı ilə tamamlanıb (FR08 §2.5) — həmin il üçün fəaliyyət növləri arasında tərkib effekti sıfırdır",cari
wage_ssc_educ,"Təhsil — orta aylıq nominal əmək haqqı, cəmi (DSK)","Education — average monthly nominal wage, total (SSC)",AZN,FR8,"DSK cədvəl 4.5–4.8 (`004_5-8en.xls`, `Dynamics`), 2005–2024; 2025 sütunu DVX/iş kitabı qarşılığı ilə tamamlanıb (FR08 §2.5) — həmin il üçün fəaliyyət növləri arasında tərkib effekti sıfırdır",cari
wage_ssc_educ_nonstate,"Təhsil — orta aylıq nominal əmək haqqı, qeyri-dövlət (DSK)","Education — average monthly nominal wage, non-state (SSC)",AZN,FR8,"DSK cədvəl 4.5–4.8 (`004_5-8en.xls`, `Dynamics`), 2005–2024; 2025 sütunu DVX/iş kitabı qarşılığı ilə tamamlanıb (FR08 §2.5) — həmin il üçün fəaliyyət növləri arasında tərkib effekti sıfırdır",cari
wage_ssc_educ_state,"Təhsil — orta aylıq nominal əmək haqqı, dövlət (DSK)","Education — average monthly nominal wage, state (SSC)",AZN,FR8,"DSK cədvəl 4.5–4.8 (`004_5-8en.xls`, `Dynamics`), 2005–2024; 2025 sütunu DVX/iş kitabı qarşılığı ilə tamamlanıb (FR08 §2.5) — həmin il üçün fəaliyyət növləri arasında tərkib effekti sıfırdır",cari
wage_ssc_finance,"Maliyyə və sığorta fəaliyyəti — orta aylıq nominal əmək haqqı, cəmi (DSK)","Financial and insurance activities — average monthly nominal wage, total (SSC)",AZN,FR8,"DSK cədvəl 4.5–4.8 (`004_5-8en.xls`, `Dynamics`), 2005–2024; 2025 sütunu DVX/iş kitabı qarşılığı ilə tamamlanıb (FR08 §2.5) — həmin il üçün fəaliyyət növləri arasında tərkib effekti sıfırdır",cari
wage_ssc_finance_nonstate,"Maliyyə və sığorta fəaliyyəti — orta aylıq nominal əmək haqqı, qeyri-dövlət (DSK)","Financial and insurance activities — average monthly nominal wage, non-state (SSC)",AZN,FR8,"DSK cədvəl 4.5–4.8 (`004_5-8en.xls`, `Dynamics`), 2005–2024; 2025 sütunu DVX/iş kitabı qarşılığı ilə tamamlanıb (FR08 §2.5) — həmin il üçün fəaliyyət növləri arasında tərkib effekti sıfırdır",cari
wage_ssc_finance_state,"Maliyyə və sığorta fəaliyyəti — orta aylıq nominal əmək haqqı, dövlət (DSK)","Financial and insurance activities — average monthly nominal wage, state (SSC)",AZN,FR8,"DSK cədvəl 4.5–4.8 (`004_5-8en.xls`, `Dynamics`), 2005–2024; 2025 sütunu DVX/iş kitabı qarşılığı ilə tamamlanıb (FR08 §2.5) — həmin il üçün fəaliyyət növləri arasında tərkib effekti sıfırdır",cari
wage_ssc_health,"Əhaliyə səhiyyə və sosial xidmətlərin göstərilməsi — orta aylıq nominal əmək haqqı, cəmi (DSK)","Human health and social work activities — average monthly nominal wage, total (SSC)",AZN,FR8,"DSK cədvəl 4.5–4.8 (`004_5-8en.xls`, `Dynamics`), 2005–2024; 2025 sütunu DVX/iş kitabı qarşılığı ilə tamamlanıb (FR08 §2.5) — həmin il üçün fəaliyyət növləri arasında tərkib effekti sıfırdır",cari
wage_ssc_health_nonstate,"Əhaliyə səhiyyə və sosial xidmətlərin göstərilməsi — orta aylıq nominal əmək haqqı, qeyri-dövlət (DSK)","Human health and social work activities — average monthly nominal wage, non-state (SSC)",AZN,FR8,"DSK cədvəl 4.5–4.8 (`004_5-8en.xls`, `Dynamics`), 2005–2024; 2025 sütunu DVX/iş kitabı qarşılığı ilə tamamlanıb (FR08 §2.5) — həmin il üçün fəaliyyət növləri arasında tərkib effekti sıfırdır",cari
wage_ssc_health_state,"Əhaliyə səhiyyə və sosial xidmətlərin göstərilməsi — orta aylıq nominal əmək haqqı, dövlət (DSK)","Human health and social work activities — average monthly nominal wage, state (SSC)",AZN,FR8,"DSK cədvəl 4.5–4.8 (`004_5-8en.xls`, `Dynamics`), 2005–2024; 2025 sütunu DVX/iş kitabı qarşılığı ilə tamamlanıb (FR08 §2.5) — həmin il üçün fəaliyyət növləri arasında tərkib effekti sıfırdır",cari
wage_ssc_ict,"İnformasiya və rabitə — orta aylıq nominal əmək haqqı, cəmi (DSK)","Information and communication — average monthly nominal wage, total (SSC)",AZN,FR8,"DSK cədvəl 4.5–4.8 (`004_5-8en.xls`, `Dynamics`), 2005–2024; 2025 sütunu DVX/iş kitabı qarşılığı ilə tamamlanıb (FR08 §2.5) — həmin il üçün fəaliyyət növləri arasında tərkib effekti sıfırdır",cari
wage_ssc_ict_nonstate,"İnformasiya və rabitə — orta aylıq nominal əmək haqqı, qeyri-dövlət (DSK)","Information and communication — average monthly nominal wage, non-state (SSC)",AZN,FR8,"DSK cədvəl 4.5–4.8 (`004_5-8en.xls`, `Dynamics`), 2005–2024; 2025 sütunu DVX/iş kitabı qarşılığı ilə tamamlanıb (FR08 §2.5) — həmin il üçün fəaliyyət növləri arasında tərkib effekti sıfırdır",cari
wage_ssc_ict_state,"İnformasiya və rabitə — orta aylıq nominal əmək haqqı, dövlət (DSK)","Information and communication — average monthly nominal wage, state (SSC)",AZN,FR8,"DSK cədvəl 4.5–4.8 (`004_5-8en.xls`, `Dynamics`), 2005–2024; 2025 sütunu DVX/iş kitabı qarşılığı ilə tamamlanıb (FR08 §2.5) — həmin il üçün fəaliyyət növləri arasında tərkib effekti sıfırdır",cari
wage_ssc_manuf,"Emal sənayesi — orta aylıq nominal əmək haqqı, cəmi (DSK)","Manufacturing — average monthly nominal wage, total (SSC)",AZN,FR8,"DSK cədvəl 4.5–4.8 (`004_5-8en.xls`, `Dynamics`), 2005–2024; 2025 sütunu DVX/iş kitabı qarşılığı ilə tamamlanıb (FR08 §2.5) — həmin il üçün fəaliyyət növləri arasında tərkib effekti sıfırdır",cari
wage_ssc_manuf_nonstate,"Emal sənayesi — orta aylıq nominal əmək haqqı, qeyri-dövlət (DSK)","Manufacturing — average monthly nominal wage, non-state (SSC)",AZN,FR8,"DSK cədvəl 4.5–4.8 (`004_5-8en.xls`, `Dynamics`), 2005–2024; 2025 sütunu DVX/iş kitabı qarşılığı ilə tamamlanıb (FR08 §2.5) — həmin il üçün fəaliyyət növləri arasında tərkib effekti sıfırdır",cari
wage_ssc_manuf_state,"Emal sənayesi — orta aylıq nominal əmək haqqı, dövlət (DSK)","Manufacturing — average monthly nominal wage, state (SSC)",AZN,FR8,"DSK cədvəl 4.5–4.8 (`004_5-8en.xls`, `Dynamics`), 2005–2024; 2025 sütunu DVX/iş kitabı qarşılığı ilə tamamlanıb (FR08 §2.5) — həmin il üçün fəaliyyət növləri arasında tərkib effekti sıfırdır",cari
wage_ssc_mining,"Mədənçıxarma sənayesi — orta aylıq nominal əmək haqqı, cəmi (DSK)","Mining — average monthly nominal wage, total (SSC)",AZN,FR8,"DSK cədvəl 4.5–4.8 (`004_5-8en.xls`, `Dynamics`), 2005–2024; 2025 sütunu DVX/iş kitabı qarşılığı ilə tamamlanıb (FR08 §2.5) — həmin il üçün fəaliyyət növləri arasında tərkib effekti sıfırdır",cari
wage_ssc_mining_nonstate,"Mədənçıxarma sənayesi — orta aylıq nominal əmək haqqı, qeyri-dövlət (DSK)","Mining — average monthly nominal wage, non-state (SSC)",AZN,FR8,"DSK cədvəl 4.5–4.8 (`004_5-8en.xls`, `Dynamics`), 2005–2024; 2025 sütunu DVX/iş kitabı qarşılığı ilə tamamlanıb (FR08 §2.5) — həmin il üçün fəaliyyət növləri arasında tərkib effekti sıfırdır",cari
wage_ssc_mining_state,"Mədənçıxarma sənayesi — orta aylıq nominal əmək haqqı, dövlət (DSK)","Mining — average monthly nominal wage, state (SSC)",AZN,FR8,"DSK cədvəl 4.5–4.8 (`004_5-8en.xls`, `Dynamics`), 2005–2024; 2025 sütunu DVX/iş kitabı qarşılığı ilə tamamlanıb (FR08 §2.5) — həmin il üçün fəaliyyət növləri arasında tərkib effekti sıfırdır",cari
wage_ssc_other,"Digər sahələrdə xidmətlərin göstərilməsi — orta aylıq nominal əmək haqqı, cəmi (DSK)","Other service activities — average monthly nominal wage, total (SSC)",AZN,FR8,"DSK cədvəl 4.5–4.8 (`004_5-8en.xls`, `Dynamics`), 2005–2024; 2025 sütunu DVX/iş kitabı qarşılığı ilə tamamlanıb (FR08 §2.5) — həmin il üçün fəaliyyət növləri arasında tərkib effekti sıfırdır",cari
wage_ssc_other_nonstate,"Digər sahələrdə xidmətlərin göstərilməsi — orta aylıq nominal əmək haqqı, qeyri-dövlət (DSK)","Other service activities — average monthly nominal wage, non-state (SSC)",AZN,FR8,"DSK cədvəl 4.5–4.8 (`004_5-8en.xls`, `Dynamics`), 2005–2024; 2025 sütunu DVX/iş kitabı qarşılığı ilə tamamlanıb (FR08 §2.5) — həmin il üçün fəaliyyət növləri arasında tərkib effekti sıfırdır",cari
wage_ssc_other_state,"Digər sahələrdə xidmətlərin göstərilməsi — orta aylıq nominal əmək haqqı, dövlət (DSK)","Other service activities — average monthly nominal wage, state (SSC)",AZN,FR8,"DSK cədvəl 4.5–4.8 (`004_5-8en.xls`, `Dynamics`), 2005–2024; 2025 sütunu DVX/iş kitabı qarşılığı ilə tamamlanıb (FR08 §2.5) — həmin il üçün fəaliyyət növləri arasında tərkib effekti sıfırdır",cari
wage_ssc_power,"Elektrik enerjisi, qaz və buxar istehsalı, bölüşdürülməsi və təchizatı — orta aylıq nominal əmək haqqı, cəmi (DSK)","Electricity, gas and steam production, distribution and supply — average monthly nominal wage, total (SSC)",AZN,FR8,"DSK cədvəl 4.5–4.8 (`004_5-8en.xls`, `Dynamics`), 2005–2024; 2025 sütunu DVX/iş kitabı qarşılığı ilə tamamlanıb (FR08 §2.5) — həmin il üçün fəaliyyət növləri arasında tərkib effekti sıfırdır",cari
wage_ssc_power_nonstate,"Elektrik enerjisi, qaz və buxar istehsalı, bölüşdürülməsi və təchizatı — orta aylıq nominal əmək haqqı, qeyri-dövlət (DSK)","Electricity, gas and steam production, distribution and supply — average monthly nominal wage, non-state (SSC)",AZN,FR8,"DSK cədvəl 4.5–4.8 (`004_5-8en.xls`, `Dynamics`), 2005–2024; 2025 sütunu DVX/iş kitabı qarşılığı ilə tamamlanıb (FR08 §2.5) — həmin il üçün fəaliyyət növləri arasında tərkib effekti sıfırdır",cari
wage_ssc_power_state,"Elektrik enerjisi, qaz və buxar istehsalı, bölüşdürülməsi və təchizatı — orta aylıq nominal əmək haqqı, dövlət (DSK)","Electricity, gas and steam production, distribution and supply — average monthly nominal wage, state (SSC)",AZN,FR8,"DSK cədvəl 4.5–4.8 (`004_5-8en.xls`, `Dynamics`), 2005–2024; 2025 sütunu DVX/iş kitabı qarşılığı ilə tamamlanıb (FR08 §2.5) — həmin il üçün fəaliyyət növləri arasında tərkib effekti sıfırdır",cari
wage_ssc_prof,"Peşə, elmi və texniki fəaliyyət — orta aylıq nominal əmək haqqı, cəmi (DSK)","Professional, scientific and technical activities — average monthly nominal wage, total (SSC)",AZN,FR8,"DSK cədvəl 4.5–4.8 (`004_5-8en.xls`, `Dynamics`), 2005–2024; 2025 sütunu DVX/iş kitabı qarşılığı ilə tamamlanıb (FR08 §2.5) — həmin il üçün fəaliyyət növləri arasında tərkib effekti sıfırdır",cari
wage_ssc_prof_nonstate,"Peşə, elmi və texniki fəaliyyət — orta aylıq nominal əmək haqqı, qeyri-dövlət (DSK)","Professional, scientific and technical activities — average monthly nominal wage, non-state (SSC)",AZN,FR8,"DSK cədvəl 4.5–4.8 (`004_5-8en.xls`, `Dynamics`), 2005–2024; 2025 sütunu DVX/iş kitabı qarşılığı ilə tamamlanıb (FR08 §2.5) — həmin il üçün fəaliyyət növləri arasında tərkib effekti sıfırdır",cari
wage_ssc_prof_state,"Peşə, elmi və texniki fəaliyyət — orta aylıq nominal əmək haqqı, dövlət (DSK)","Professional, scientific and technical activities — average monthly nominal wage, state (SSC)",AZN,FR8,"DSK cədvəl 4.5–4.8 (`004_5-8en.xls`, `Dynamics`), 2005–2024; 2025 sütunu DVX/iş kitabı qarşılığı ilə tamamlanıb (FR08 §2.5) — həmin il üçün fəaliyyət növləri arasında tərkib effekti sıfırdır",cari
wage_ssc_pubadm,"Dövlət idarəetmə və müdafiə; sosial təminat — orta aylıq nominal əmək haqqı, cəmi (DSK)","Public administration and defence; social security — average monthly nominal wage, total (SSC)",AZN,FR8,"DSK cədvəl 4.5–4.8 (`004_5-8en.xls`, `Dynamics`), 2005–2024; 2025 sütunu DVX/iş kitabı qarşılığı ilə tamamlanıb (FR08 §2.5) — həmin il üçün fəaliyyət növləri arasında tərkib effekti sıfırdır",cari
wage_ssc_pubadm_nonstate,"Dövlət idarəetmə və müdafiə; sosial təminat — orta aylıq nominal əmək haqqı, qeyri-dövlət (DSK)","Public administration and defence; social security — average monthly nominal wage, non-state (SSC)",AZN,FR8,"DSK cədvəl 4.5–4.8 (`004_5-8en.xls`, `Dynamics`), 2005–2024; 2025 sütunu DVX/iş kitabı qarşılığı ilə tamamlanıb (FR08 §2.5) — həmin il üçün fəaliyyət növləri arasında tərkib effekti sıfırdır",cari
wage_ssc_pubadm_state,"Dövlət idarəetmə və müdafiə; sosial təminat — orta aylıq nominal əmək haqqı, dövlət (DSK)","Public administration and defence; social security — average monthly nominal wage, state (SSC)",AZN,FR8,"DSK cədvəl 4.5–4.8 (`004_5-8en.xls`, `Dynamics`), 2005–2024; 2025 sütunu DVX/iş kitabı qarşılığı ilə tamamlanıb (FR08 §2.5) — həmin il üçün fəaliyyət növləri arasında tərkib effekti sıfırdır",cari
wage_ssc_realest,"Daşınmaz əmlakla əlaqədar əməliyyatlar — orta aylıq nominal əmək haqqı, cəmi (DSK)","Real estate activities — average monthly nominal wage, total (SSC)",AZN,FR8,"DSK cədvəl 4.5–4.8 (`004_5-8en.xls`, `Dynamics`), 2005–2024; 2025 sütunu DVX/iş kitabı qarşılığı ilə tamamlanıb (FR08 §2.5) — həmin il üçün fəaliyyət növləri arasında tərkib effekti sıfırdır",cari
wage_ssc_realest_nonstate,"Daşınmaz əmlakla əlaqədar əməliyyatlar — orta aylıq nominal əmək haqqı, qeyri-dövlət (DSK)","Real estate activities — average monthly nominal wage, non-state (SSC)",AZN,FR8,"DSK cədvəl 4.5–4.8 (`004_5-8en.xls`, `Dynamics`), 2005–2024; 2025 sütunu DVX/iş kitabı qarşılığı ilə tamamlanıb (FR08 §2.5) — həmin il üçün fəaliyyət növləri arasında tərkib effekti sıfırdır",cari
wage_ssc_realest_state,"Daşınmaz əmlakla əlaqədar əməliyyatlar — orta aylıq nominal əmək haqqı, dövlət (DSK)","Real estate activities — average monthly nominal wage, state (SSC)",AZN,FR8,"DSK cədvəl 4.5–4.8 (`004_5-8en.xls`, `Dynamics`), 2005–2024; 2025 sütunu DVX/iş kitabı qarşılığı ilə tamamlanıb (FR08 §2.5) — həmin il üçün fəaliyyət növləri arasında tərkib effekti sıfırdır",cari
wage_ssc_total,"İqtisadiyyat üzrə, cəmi — orta aylıq nominal əmək haqqı, cəmi (DSK)","On economy, total — average monthly nominal wage, total (SSC)",AZN,FR8,"DSK cədvəl 4.5–4.8 (`004_5-8en.xls`, `Dynamics`), 2005–2024; 2025 sütunu DVX/iş kitabı qarşılığı ilə tamamlanıb (FR08 §2.5) — həmin il üçün fəaliyyət növləri arasında tərkib effekti sıfırdır",cari
wage_ssc_total_nonstate,"İqtisadiyyat üzrə, cəmi — orta aylıq nominal əmək haqqı, qeyri-dövlət (DSK)","On economy, total — average monthly nominal wage, non-state (SSC)",AZN,FR8,"DSK cədvəl 4.5–4.8 (`004_5-8en.xls`, `Dynamics`), 2005–2024; 2025 sütunu DVX/iş kitabı qarşılığı ilə tamamlanıb (FR08 §2.5) — həmin il üçün fəaliyyət növləri arasında tərkib effekti sıfırdır",cari
wage_ssc_total_state,"İqtisadiyyat üzrə, cəmi — orta aylıq nominal əmək haqqı, dövlət (DSK)","On economy, total — average monthly nominal wage, state (SSC)",AZN,FR8,"DSK cədvəl 4.5–4.8 (`004_5-8en.xls`, `Dynamics`), 2005–2024; 2025 sütunu DVX/iş kitabı qarşılığı ilə tamamlanıb (FR08 §2.5) — həmin il üçün fəaliyyət növləri arasında tərkib effekti sıfırdır",cari
wage_ssc_tourism,"Turistlərin yerləşdirilməsi və ictimai iaşə — orta aylıq nominal əmək haqqı, cəmi (DSK)","Accommodation and food service activities — average monthly nominal wage, total (SSC)",AZN,FR8,"DSK cədvəl 4.5–4.8 (`004_5-8en.xls`, `Dynamics`), 2005–2024; 2025 sütunu DVX/iş kitabı qarşılığı ilə tamamlanıb (FR08 §2.5) — həmin il üçün fəaliyyət növləri arasında tərkib effekti sıfırdır",cari
wage_ssc_tourism_nonstate,"Turistlərin yerləşdirilməsi və ictimai iaşə — orta aylıq nominal əmək haqqı, qeyri-dövlət (DSK)","Accommodation and food service activities — average monthly nominal wage, non-state (SSC)",AZN,FR8,"DSK cədvəl 4.5–4.8 (`004_5-8en.xls`, `Dynamics`), 2005–2024; 2025 sütunu DVX/iş kitabı qarşılığı ilə tamamlanıb (FR08 §2.5) — həmin il üçün fəaliyyət növləri arasında tərkib effekti sıfırdır",cari
wage_ssc_tourism_state,"Turistlərin yerləşdirilməsi və ictimai iaşə — orta aylıq nominal əmək haqqı, dövlət (DSK)","Accommodation and food service activities — average monthly nominal wage, state (SSC)",AZN,FR8,"DSK cədvəl 4.5–4.8 (`004_5-8en.xls`, `Dynamics`), 2005–2024; 2025 sütunu DVX/iş kitabı qarşılığı ilə tamamlanıb (FR08 §2.5) — həmin il üçün fəaliyyət növləri arasında tərkib effekti sıfırdır",cari
wage_ssc_trade,"Ticarət; nəqliyyat vasitələrinin təmiri — orta aylıq nominal əmək haqqı, cəmi (DSK)","Trade; repair of transport means — average monthly nominal wage, total (SSC)",AZN,FR8,"DSK cədvəl 4.5–4.8 (`004_5-8en.xls`, `Dynamics`), 2005–2024; 2025 sütunu DVX/iş kitabı qarşılığı ilə tamamlanıb (FR08 §2.5) — həmin il üçün fəaliyyət növləri arasında tərkib effekti sıfırdır",cari
wage_ssc_trade_nonstate,"Ticarət; nəqliyyat vasitələrinin təmiri — orta aylıq nominal əmək haqqı, qeyri-dövlət (DSK)","Trade; repair of transport means — average monthly nominal wage, non-state (SSC)",AZN,FR8,"DSK cədvəl 4.5–4.8 (`004_5-8en.xls`, `Dynamics`), 2005–2024; 2025 sütunu DVX/iş kitabı qarşılığı ilə tamamlanıb (FR08 §2.5) — həmin il üçün fəaliyyət növləri arasında tərkib effekti sıfırdır",cari
wage_ssc_trade_state,"Ticarət; nəqliyyat vasitələrinin təmiri — orta aylıq nominal əmək haqqı, dövlət (DSK)","Trade; repair of transport means — average monthly nominal wage, state (SSC)",AZN,FR8,"DSK cədvəl 4.5–4.8 (`004_5-8en.xls`, `Dynamics`), 2005–2024; 2025 sütunu DVX/iş kitabı qarşılığı ilə tamamlanıb (FR08 §2.5) — həmin il üçün fəaliyyət növləri arasında tərkib effekti sıfırdır",cari
wage_ssc_transport,"Nəqliyyat və anbar təsərrüfatı — orta aylıq nominal əmək haqqı, cəmi (DSK)","Transportation and storage — average monthly nominal wage, total (SSC)",AZN,FR8,"DSK cədvəl 4.5–4.8 (`004_5-8en.xls`, `Dynamics`), 2005–2024; 2025 sütunu DVX/iş kitabı qarşılığı ilə tamamlanıb (FR08 §2.5) — həmin il üçün fəaliyyət növləri arasında tərkib effekti sıfırdır",cari
wage_ssc_transport_nonstate,"Nəqliyyat və anbar təsərrüfatı — orta aylıq nominal əmək haqqı, qeyri-dövlət (DSK)","Transportation and storage — average monthly nominal wage, non-state (SSC)",AZN,FR8,"DSK cədvəl 4.5–4.8 (`004_5-8en.xls`, `Dynamics`), 2005–2024; 2025 sütunu DVX/iş kitabı qarşılığı ilə tamamlanıb (FR08 §2.5) — həmin il üçün fəaliyyət növləri arasında tərkib effekti sıfırdır",cari
wage_ssc_transport_state,"Nəqliyyat və anbar təsərrüfatı — orta aylıq nominal əmək haqqı, dövlət (DSK)","Transportation and storage — average monthly nominal wage, state (SSC)",AZN,FR8,"DSK cədvəl 4.5–4.8 (`004_5-8en.xls`, `Dynamics`), 2005–2024; 2025 sütunu DVX/iş kitabı qarşılığı ilə tamamlanıb (FR08 §2.5) — həmin il üçün fəaliyyət növləri arasında tərkib effekti sıfırdır",cari
wage_ssc_water,"Su təchizatı; tullantıların təmizlənməsi və emalı — orta aylıq nominal əmək haqqı, cəmi (DSK)","Water supply; waste treatment and disposal — average monthly nominal wage, total (SSC)",AZN,FR8,"DSK cədvəl 4.5–4.8 (`004_5-8en.xls`, `Dynamics`), 2005–2024; 2025 sütunu DVX/iş kitabı qarşılığı ilə tamamlanıb (FR08 §2.5) — həmin il üçün fəaliyyət növləri arasında tərkib effekti sıfırdır",cari
wage_ssc_water_nonstate,"Su təchizatı; tullantıların təmizlənməsi və emalı — orta aylıq nominal əmək haqqı, qeyri-dövlət (DSK)","Water supply; waste treatment and disposal — average monthly nominal wage, non-state (SSC)",AZN,FR8,"DSK cədvəl 4.5–4.8 (`004_5-8en.xls`, `Dynamics`), 2005–2024; 2025 sütunu DVX/iş kitabı qarşılığı ilə tamamlanıb (FR08 §2.5) — həmin il üçün fəaliyyət növləri arasında tərkib effekti sıfırdır",cari
wage_ssc_water_state,"Su təchizatı; tullantıların təmizlənməsi və emalı — orta aylıq nominal əmək haqqı, dövlət (DSK)","Water supply; waste treatment and disposal — average monthly nominal wage, state (SSC)",AZN,FR8,"DSK cədvəl 4.5–4.8 (`004_5-8en.xls`, `Dynamics`), 2005–2024; 2025 sütunu DVX/iş kitabı qarşılığı ilə tamamlanıb (FR08 §2.5) — həmin il üçün fəaliyyət növləri arasında tərkib effekti sıfırdır",cari
wage_state,Dövlət sektorunda orta aylıq əmək haqqı,"Average wage, state sector",AZN,FR8,Sosial sektor,cari
wage_water,Su təchizatı — orta aylıq əmək haqqı,Water supply — average monthly wage,AZN,FR8,Su təchizatı,cari
